[[0.7654747  2.6074843  0.44466305 0.         0.4446633  0.
  4.0598664  0.         0.         0.         0.         3.0987043
  4.362388   1.865541   1.8443379  0.         0.         0.
  0.9038664  0.         0.         0.         0.         0.
  0.         0.         0.         5.490875   0.         0.
  0.429205   0.         0.         0.         6.567389   0.
  0.         2.282242   0.         0.         6.035366   0.
  0.         0.         0.         0.         0.         0.
  5.3654647  0.         0.         0.77522504 0.         0.
  0.         0.70784163 0.         0.         0.         0.
  0.         0.         0.         0.         0.         0.
  0.         6.7769995  0.         0.         0.         0.
  1.8460768  3.5098255  0.         0.         0.         0.
  2.5162165  0.         0.         0.         1.6470146  0.
  0.         1.0958511  0.         4.8589153  0.         0.
  0.         0.         1.892695   2.3007739  2.040056   0.
  0.         0.         0.         2.89009    0.         0.
  0.47821015 1.2306585  0.         0.         0.04195947 0.
  0.         0.         0.         0.         4.460243   0.
  0.         0.         0.         2.4133077 ]]