[[0.7110536  2.9547975  0.         0.         0.         0.
  0.9320528  0.         0.         3.2028027  0.         0.
  2.1775966  1.3105018  1.8440969  0.         0.         0.
  0.         0.         0.         0.         0.         0.
  0.         0.         0.         4.058413   0.         0.
  1.7080492  0.8086758  0.         0.         3.7665973  0.
  0.         0.7247711  0.         0.         3.6270459  0.
  0.         0.         0.         0.         0.         0.
  3.1080072  1.4655955  0.         3.671367   0.         0.
  0.         3.1200054  0.1066937  0.         0.         0.
  0.         0.         0.         0.         0.         0.
  0.         5.000574   0.         0.         0.         0.
  0.         0.         0.         0.         0.         0.
  1.4696463  0.         0.         0.         1.7922608  0.
  0.         0.16178855 0.         2.7098563  0.         0.
  0.         0.         6.455582   0.         0.         0.
  0.         0.         0.         1.677619   0.         0.
  1.2356985  0.         0.         0.         0.         0.
  0.         0.         0.         0.         1.0903856  0.
  0.         0.         0.         1.104121  ]]