[[0.         0.02463608 0.         0.         0.12210535 0.
  0.         0.         0.         0.28393918 0.         0.54913145
  0.15249631 1.2968608  2.0330157  0.         0.         0.
  0.         0.         0.         1.5155672  0.         0.
  0.         0.         0.         1.3562121  0.         0.
  0.         0.         0.         0.         3.866271   0.
  1.4121085  0.         1.3018776  0.         3.4250638  0.
  0.         0.         0.         0.         0.         0.
  0.84739757 0.         0.7857105  0.54065984 0.         0.
  0.         1.4578576  0.         0.         0.         0.
  0.         0.         0.         0.         0.         0.
  0.         5.6611233  0.12810303 2.2706077  0.         0.
  0.         5.605011   0.         0.         0.         0.
  0.75287914 0.         0.         0.         0.756806   0.
  0.         0.         0.         0.         0.         0.
  0.         0.         0.         1.7626599  0.         0.
  0.         0.         0.         2.793055   0.         0.
  0.         0.         0.         0.         0.19987851 0.
  0.         0.         0.         0.         0.7542616  0.
  0.         0.         0.         0.6994841 ]]