[[0.         1.0523299  0.         0.         0.         0.
  0.         0.         0.         3.6676643  0.         0.
  0.59302676 1.5938483  3.1959887  0.         0.         0.
  0.         0.76069874 0.         0.         0.         0.
  0.         0.         0.         5.5767226  0.         0.
  1.4515799  0.         0.         0.         6.265213   0.
  0.         0.         0.10934557 0.         3.0245028  0.
  0.         0.         0.         0.         0.         0.
  3.8152356  0.         0.         2.960113   0.         0.
  0.         5.0618315  0.         0.         0.         0.
  0.         0.         0.         0.         0.         0.
  0.         9.121094   0.         1.5065744  0.         0.
  0.         5.9049397  0.         0.         0.         0.
  3.3818254  0.         0.         0.         4.0239716  0.
  0.         0.         0.         0.77909863 0.         0.
  0.         0.         3.9922788  0.         0.         0.
  0.         0.         0.         2.5552096  0.         0.
  0.24350663 0.         0.         0.         0.         0.
  0.         0.         0.         0.         2.1098642  0.
  0.         0.         0.         0.        ]]