[[0.         0.         0.         0.         0.         0.
  0.         0.         0.         1.6315092  0.         0.
  0.         0.         4.255647   0.         0.         0.01354847
  0.         0.         0.         0.         0.         0.
  0.         0.         0.         1.4596738  0.         0.
  1.6580312  0.         0.         0.         2.3712418  0.
  0.         0.         0.         0.         2.1617818  0.
  0.         0.         0.         0.         0.         0.
  0.8038002  0.         0.         0.03222097 0.         0.
  0.         3.1919074  0.         0.         0.         0.
  0.         0.         0.         0.         0.         0.
  0.         5.2156715  0.         1.903495   0.         0.
  0.         7.49841    0.         0.         0.         0.
  0.         0.         0.         0.         1.340345   0.
  0.         0.         0.         0.         0.         0.
  0.         0.         1.3326851  1.6503462  0.         0.
  0.         0.         0.         0.06197223 0.         0.
  0.         0.         0.         0.         3.040391   0.
  0.         0.         0.         0.         1.577144   0.
  0.         0.         0.         0.662089  ]]