[[0.         0.         0.         0.         0.         0.
  0.         0.         0.         2.701292   0.         0.
  0.         0.         5.8597217  0.         0.         0.26092485
  0.         0.         0.         0.         0.         0.
  0.         0.         0.         1.1471828  0.         0.
  2.4758565  0.         0.         0.         1.5302235  0.
  0.         0.         0.         0.         1.3707389  0.
  0.         0.         0.         0.         0.         0.
  0.11339734 0.         0.         0.20797688 0.         0.
  0.         3.6575875  0.         0.         0.         0.
  0.         0.         0.         0.         0.         0.
  0.         5.2303886  0.         3.1382623  0.         0.
  0.         9.236284   0.         0.         0.         0.
  0.         0.         0.         0.         1.0756713  0.
  0.         0.         0.         0.         0.         0.
  0.         0.         0.7823326  1.3203062  0.         0.
  0.         0.         0.         0.         0.         0.
  0.         0.         0.         0.         3.7486825  0.
  0.         0.         0.         0.         1.0876414  0.
  0.         0.         0.         0.04876486]]