[[0.         0.         0.         0.         0.717386   0.
  0.         0.         0.         0.         0.         0.
  0.45757145 0.         3.3306036  0.         0.         0.
  0.         0.         0.80128247 0.4701315  0.         0.
  0.         0.         0.         0.68295467 0.         0.
  0.         0.         0.         0.         3.638198   0.
  0.         0.         0.         0.         4.5590353  0.
  0.         0.         0.         0.         0.         0.
  0.8256242  0.         0.80960536 0.         0.         0.
  0.         0.8413888  0.         0.         0.         0.
  0.         0.         0.         0.         0.         0.
  0.         3.0225317  0.         0.7963439  0.         0.
  0.         4.7573013  0.         0.         0.         0.
  0.         0.         0.         0.         0.         0.
  0.         0.         0.         0.         0.         0.
  0.         0.         0.         3.1140418  2.027229   0.
  0.         0.         0.         0.7682788  0.         0.
  0.         0.         0.         0.         4.616265   0.
  0.         0.         0.         0.         2.4901288  0.
  0.         0.         0.         1.9226453 ]]