[[0.0000000e+00 0.0000000e+00 0.0000000e+00 0.0000000e+00 4.7430899e-03
  0.0000000e+00 0.0000000e+00 0.0000000e+00 0.0000000e+00 0.0000000e+00
  0.0000000e+00 0.0000000e+00 0.0000000e+00 0.0000000e+00 3.4510665e+00
  0.0000000e+00 0.0000000e+00 0.0000000e+00 0.0000000e+00 0.0000000e+00
  4.0665185e-01 9.3823314e-01 0.0000000e+00 0.0000000e+00 0.0000000e+00
  0.0000000e+00 0.0000000e+00 6.5963876e-01 0.0000000e+00 0.0000000e+00
  1.6064125e-01 0.0000000e+00 0.0000000e+00 0.0000000e+00 2.9181433e+00
  0.0000000e+00 0.0000000e+00 0.0000000e+00 0.0000000e+00 0.0000000e+00
  3.7023811e+00 0.0000000e+00 0.0000000e+00 0.0000000e+00 0.0000000e+00
  0.0000000e+00 0.0000000e+00 0.0000000e+00 6.3026309e-01 0.0000000e+00
  6.6943151e-01 0.0000000e+00 0.0000000e+00 0.0000000e+00 0.0000000e+00
  1.4392598e+00 0.0000000e+00 0.0000000e+00 0.0000000e+00 0.0000000e+00
  0.0000000e+00 0.0000000e+00 0.0000000e+00 0.0000000e+00 0.0000000e+00
  0.0000000e+00 0.0000000e+00 3.3689668e+00 0.0000000e+00 1.0865278e+00
  0.0000000e+00 0.0000000e+00 0.0000000e+00 5.0403414e+00 0.0000000e+00
  0.0000000e+00 0.0000000e+00 0.0000000e+00 0.0000000e+00 0.0000000e+00
  0.0000000e+00 0.0000000e+00 0.0000000e+00 0.0000000e+00 0.0000000e+00
  0.0000000e+00 0.0000000e+00 0.0000000e+00 0.0000000e+00 0.0000000e+00
  0.0000000e+00 0.0000000e+00 5.1140654e-01 2.5712044e+00 1.0040404e+00
  0.0000000e+00 0.0000000e+00 0.0000000e+00 0.0000000e+00 4.9222508e-01
  0.0000000e+00 0.0000000e+00 0.0000000e+00 0.0000000e+00 0.0000000e+00
  0.0000000e+00 4.5238547e+00 0.0000000e+00 0.0000000e+00 0.0000000e+00
  0.0000000e+00 0.0000000e+00 2.1571314e+00 0.0000000e+00 0.0000000e+00
  0.0000000e+00 0.0000000e+00 1.6228507e+00]]