[[0.         0.         0.         0.         0.         0.
  0.         0.         0.         1.1461458  0.         0.
  0.         0.         4.422715   0.         0.         0.
  0.         0.         0.         0.         0.         0.
  0.         0.         0.         0.60316753 0.         0.
  2.6432686  0.         0.         0.         0.13679934 0.
  0.         0.         0.         0.         0.         0.
  0.         0.         0.         0.         0.         0.
  0.31466076 0.         0.         0.         0.         0.
  0.         2.0555613  0.         0.         0.         0.
  0.         0.         0.         0.         0.         0.
  0.         2.0656302  0.         1.6989127  0.         0.
  0.         5.6559267  0.         0.         0.         0.
  0.         0.         0.         0.         0.3834359  0.
  0.         0.         0.         0.         0.         0.
  0.         0.         0.4570255  0.6420048  0.         0.
  0.         0.         0.         0.         0.         0.
  0.         0.         0.         0.         3.637808   0.
  0.         0.         0.         0.         0.9654287  0.
  0.         0.         0.         0.21372673]]