[[0.         0.         0.         0.         0.         0.
  0.         0.         0.         2.2276087  0.         0.
  0.         0.         3.8507888  0.         0.         0.12850347
  0.         0.         0.         0.         0.         0.
  0.         0.         0.         2.5202887  0.         0.
  3.2016208  0.         0.         0.         1.9006094  0.
  0.         0.         0.         0.         1.171088   0.
  0.         0.         0.         0.         0.         0.
  1.58906    0.         0.         0.33884245 0.         0.
  0.         3.411432   0.         0.         0.         0.
  0.         0.         0.         0.         0.         0.
  0.         4.87772    0.         0.9586607  0.         0.
  0.         6.1627836  0.         0.         0.         0.
  0.9249539  0.         0.         0.         1.8477378  0.
  0.         0.         0.         0.         0.         0.
  0.         0.         2.4733515  0.5344428  0.         0.
  0.         0.         0.         0.         0.         0.
  0.         0.         0.         0.         2.2564812  0.
  0.         0.         0.         0.         1.7175943  0.
  0.         0.         0.         0.47027028]]