[[0.9101567  0.9042479  0.         0.         0.         0.
  0.         0.         0.         2.4641612  0.         0.
  0.         0.         0.7622316  0.         0.         0.
  0.         0.         1.1889597  0.         0.         0.
  0.         0.         0.         0.5226641  0.         0.
  0.         0.14808597 0.         0.         0.5113466  0.
  0.07146055 0.         0.         0.         0.         0.
  0.         0.         0.         0.         0.         0.
  0.         2.1693125  0.         2.110658   0.         0.
  0.56745934 0.71817505 0.6746344  0.         0.         0.
  0.         0.         0.6710862  0.         0.87239975 0.
  0.         0.         0.         0.6052612  0.         0.
  0.         0.         0.         0.         0.         0.
  0.         0.         0.         0.         0.         0.
  0.         0.03932216 0.         0.4154239  0.7240818  0.
  0.         0.         0.96488243 0.         0.         0.
  0.         0.         0.         0.         0.         0.
  0.         0.         0.         0.         0.         0.
  0.         0.         1.23557    0.         0.         0.
  0.         0.         0.         0.        ]]