[[1.5836632  1.9253765  0.         0.         0.26144356 0.
  2.322344   0.7507097  0.         0.         0.         2.1359327
  1.7898324  1.5153508  0.         0.         0.         0.
  0.08826092 0.         0.         0.         0.         0.
  0.         0.         0.         2.3708901  0.         0.
  0.         1.9217455  0.         0.         2.0786262  0.
  0.         1.1122313  0.33884227 0.         1.4206511  0.
  0.         0.         0.23827069 0.         0.         0.
  2.1778831  0.         0.         0.23498625 0.         0.
  0.         0.         0.24537976 0.         0.         0.
  0.         0.         0.         0.         0.         0.
  0.         2.7356637  0.326895   0.         0.34597242 0.
  0.2323948  1.1490529  0.0841921  0.         0.         0.
  0.         0.         0.         0.         0.37852108 0.
  0.         0.05345914 0.         1.7439799  0.         0.
  0.         0.649101   0.         1.552668   0.         0.
  0.         0.         0.         0.05548623 0.         0.
  0.6034901  0.6922383  0.         0.         0.         0.
  0.         0.         0.         0.         1.0517622  0.
  0.         0.         0.         0.        ]]