[[0.         0.         0.         0.         0.         0.
  0.87560487 0.         0.         0.         0.         0.
  0.7140838  0.         3.9684734  0.         0.         0.
  1.0896391  0.         0.         0.         0.         0.
  0.         0.         0.         3.1968296  0.         0.
  3.9185565  0.         0.         0.         3.3412929  0.
  0.         0.         0.         0.         3.401625   0.
  0.         0.         0.         0.         0.         0.
  3.1652627  0.         0.         0.         0.         0.
  0.         2.2222886  0.         0.         0.         0.
  0.         0.         0.         0.         0.         0.
  0.         3.588055   0.         0.         0.         0.
  0.         4.3400087  0.         0.         0.         0.
  0.42764872 0.         0.         0.         1.5816528  0.
  0.         0.         0.         1.808856   0.         0.
  0.         0.         3.1546931  1.490857   1.2952949  0.
  0.         0.         0.         0.76182693 0.         0.
  0.         0.         0.         0.         2.7919471  0.
  0.         0.         0.         0.         2.7134712  0.
  0.         0.         0.         2.1247413 ]]