[[0.         0.         0.         0.         0.         0.
  0.         0.         0.         1.2051895  0.         0.
  0.         0.         2.4848537  0.         0.         0.02129066
  0.         0.         0.         0.         0.         0.
  0.         0.         0.         1.1793017  0.         0.
  1.6883583  0.         0.         0.         1.090499   0.
  0.         0.         0.         0.         0.80995595 0.
  0.         0.         0.         0.         0.         0.
  0.6970134  0.         0.         0.         0.         0.
  0.         1.9454145  0.         0.         0.         0.
  0.         0.         0.         0.         0.         0.
  0.         2.8584487  0.         0.91728413 0.         0.
  0.         4.186775   0.         0.         0.         0.
  0.17387494 0.         0.         0.         0.92344594 0.
  0.         0.         0.         0.         0.         0.
  0.         0.         1.1014009  0.66416836 0.         0.
  0.         0.         0.         0.         0.         0.
  0.         0.         0.         0.         1.6646338  0.
  0.         0.         0.         0.         0.9113959  0.
  0.         0.         0.         0.34681872]]