[[0.99880767 3.7489114  0.         0.         0.         0.
  3.340706   0.         0.         0.48565143 0.         2.4978812
  4.200225   4.187033   1.4727598  0.         0.         0.
  0.         0.11885117 0.         0.         0.         0.
  0.         0.         0.         6.520694   0.         0.
  0.         1.7833066  0.         0.         6.163808   0.
  0.         2.8889804  0.         0.         4.952815   0.
  0.         0.         0.         0.         0.         0.
  5.2870984  0.         0.         1.8480929  0.         0.
  0.         2.0768223  0.         0.         0.         0.
  0.         0.         0.         0.         0.         0.
  0.         8.356689   0.         0.         0.1382075  0.
  0.3695969  3.1435463  0.         0.         0.         0.
  3.6561987  0.         0.         0.         2.9274383  0.
  0.         0.06342539 0.         3.51614    0.         0.
  0.         0.         3.3651435  0.7274114  0.         0.
  0.         0.         0.         4.068236   0.         0.
  1.961817   0.         0.         0.         0.         0.
  0.         0.         0.         0.         3.1085556  0.
  0.         0.         0.         1.1113591 ]]