[[0.9374591  0.         0.         0.         0.         0.
  0.         0.         0.         1.4244856  0.         0.
  0.         0.         2.4971037  0.         0.         0.
  0.         0.         0.         0.         0.         0.
  0.         0.         0.         0.09594921 0.         0.
  1.8552357  0.08977701 0.         0.         0.49971953 0.
  0.         0.         0.         0.         0.         0.
  0.         0.         0.         0.         0.         0.
  0.         2.34091    0.         1.7020788  0.         0.
  1.0287331  0.2812604  0.         0.         0.         0.
  0.         0.         0.         0.         0.26543823 0.
  0.         0.         0.         1.3610555  0.         0.
  0.         0.         0.         0.         0.         0.
  0.         0.         0.         0.3385969  0.         0.
  0.         0.         0.9282503  0.93793434 1.4489938  0.
  0.         0.         0.26821473 0.         0.         0.
  0.         0.         0.         0.         0.         0.
  0.         0.         0.         0.         0.         0.
  0.         0.         3.3360167  0.         0.         0.
  0.         0.         0.         0.        ]]