[[0.         0.         0.9085871  0.         0.         0.
  1.6542603  0.         0.         0.         0.         0.
  1.1195571  0.         5.2368608  0.         0.         0.
  1.6783874  0.         0.         0.         0.         0.
  0.         0.         0.         2.4687572  0.         0.
  3.4828527  0.         0.         0.         4.242246   0.
  0.         0.         0.         0.         5.5107603  0.
  0.         0.         0.         0.         0.         0.
  3.274482   0.         0.         0.         0.         0.
  0.         2.1042352  0.         0.         0.         0.
  0.         0.         0.         0.         0.         0.
  0.         2.6271517  0.         0.         0.         0.
  0.         5.2724924  0.         0.         0.         0.
  0.         0.         0.         0.         0.91664296 0.
  0.         0.         0.         1.9890392  0.         0.
  0.         0.         3.0633316  3.218334   3.4373195  0.
  0.         0.         0.         0.44792566 0.         0.
  0.         0.10239255 0.         0.         5.1421742  0.
  0.         0.         0.         0.         3.5302804  0.
  0.         0.         0.         2.712346  ]]