[[0.         0.         0.         0.         0.         0.
  0.         0.         0.         1.870146   0.         0.
  0.         0.         5.175009   0.         0.         0.
  0.         0.         0.         0.         0.         0.
  0.         0.         0.         0.65961975 0.         0.
  3.6158836  0.         0.         0.         0.         0.
  0.         0.         0.         0.         0.         0.
  0.         0.         0.         0.         0.         0.
  0.5695363  0.99340785 0.         1.9247078  0.         0.
  0.0136312  2.1511307  0.         0.         0.         0.
  0.         0.         0.         0.         0.         0.
  0.         0.4852895  0.         3.7878366  0.         0.
  0.         0.07291716 0.         0.         0.         0.
  0.         0.         0.         0.         0.         0.
  0.         0.         1.4941018  0.         1.018433   0.
  0.         0.         0.674713   0.         0.         0.
  0.         0.         0.         0.         0.         0.
  0.         0.         0.         0.         0.9838075  0.
  0.         0.         3.447762   0.         0.05363884 0.
  0.         0.         0.         0.        ]]