[[0.0000000e+00 0.0000000e+00 0.0000000e+00 0.0000000e+00 0.0000000e+00
  0.0000000e+00 5.5387453e-04 0.0000000e+00 0.0000000e+00 0.0000000e+00
  0.0000000e+00 0.0000000e+00 0.0000000e+00 0.0000000e+00 1.9288455e+00
  0.0000000e+00 0.0000000e+00 0.0000000e+00 0.0000000e+00 0.0000000e+00
  4.7890717e-01 5.0380230e-01 0.0000000e+00 0.0000000e+00 0.0000000e+00
  0.0000000e+00 0.0000000e+00 0.0000000e+00 0.0000000e+00 0.0000000e+00
  0.0000000e+00 0.0000000e+00 0.0000000e+00 0.0000000e+00 8.0521220e-01
  0.0000000e+00 0.0000000e+00 0.0000000e+00 0.0000000e+00 0.0000000e+00
  1.7710074e+00 0.0000000e+00 0.0000000e+00 0.0000000e+00 0.0000000e+00
  0.0000000e+00 0.0000000e+00 0.0000000e+00 0.0000000e+00 0.0000000e+00
  6.2474185e-01 0.0000000e+00 0.0000000e+00 0.0000000e+00 0.0000000e+00
  3.3089051e-01 0.0000000e+00 0.0000000e+00 0.0000000e+00 0.0000000e+00
  0.0000000e+00 0.0000000e+00 0.0000000e+00 1.8219404e-01 0.0000000e+00
  0.0000000e+00 0.0000000e+00 3.9909238e-01 0.0000000e+00 1.2975493e-01
  0.0000000e+00 0.0000000e+00 0.0000000e+00 1.9423088e+00 0.0000000e+00
  0.0000000e+00 0.0000000e+00 0.0000000e+00 0.0000000e+00 0.0000000e+00
  0.0000000e+00 0.0000000e+00 0.0000000e+00 0.0000000e+00 0.0000000e+00
  0.0000000e+00 0.0000000e+00 0.0000000e+00 0.0000000e+00 0.0000000e+00
  0.0000000e+00 0.0000000e+00 1.3551369e-01 1.4550868e+00 1.0797206e+00
  0.0000000e+00 0.0000000e+00 0.0000000e+00 0.0000000e+00 0.0000000e+00
  0.0000000e+00 0.0000000e+00 0.0000000e+00 0.0000000e+00 0.0000000e+00
  0.0000000e+00 2.8632843e+00 0.0000000e+00 0.0000000e+00 0.0000000e+00
  0.0000000e+00 0.0000000e+00 9.5400506e-01 0.0000000e+00 0.0000000e+00
  0.0000000e+00 0.0000000e+00 8.8185322e-01]]