[[0.         0.         0.26386034 0.         0.05071168 0.
  0.12855548 0.         0.         0.         0.         0.
  0.         0.         2.036489   0.         0.         0.
  0.         0.         1.0265907  0.9325397  0.         0.
  0.         0.         0.         0.         0.         0.
  0.         0.         0.         0.         0.6652405  0.
  0.         0.         0.         0.         1.9238515  0.
  0.         0.         0.         0.         0.         0.
  0.         0.         1.3216286  0.         0.         0.
  0.         0.         0.         0.         0.         0.
  0.         0.         0.         0.62212366 0.         0.
  0.         0.         0.23395564 0.05275497 0.         0.
  0.         2.0282776  0.         0.         0.         0.
  0.         0.         0.         0.         0.         0.
  0.         0.         0.         0.         0.         0.
  0.         0.         0.         1.8134365  1.2768832  0.
  0.         0.         0.         0.11231393 0.         0.
  0.         0.         0.         0.         3.4103343  0.
  0.         0.         0.         0.         0.83826196 0.
  0.         0.         0.         1.0642607 ]]