[[2.065209   0.76317906 0.8822248  1.6897243  0.95970625 0.
  0.83258283 0.55635005 0.9159009  1.6846287  0.         2.4627523
  2.0166051  2.09733    2.0062644  0.29890966 0.4202318  2.227666
  0.         0.         1.3960168  2.6120942  0.         5.587888
  1.7986624  1.1988026  1.1538227  0.         1.1524768  2.0980992
  0.40797678 0.3956844  1.6413627  2.279605   2.2777593  1.0047756
  0.30242014 1.9023175  0.         0.27574056 0.6822274  0.
  1.3402405  0.         0.19592503 0.5738836  1.7572234  1.0105712
  1.4272374  1.2329756  1.4359628  0.79761565 1.0288767  0.
  2.206138   2.3992443  1.7775146  2.179376   0.45589083 0.6988097
  2.4245446  2.299121   0.37315142 2.0088658  0.         1.3069859
  0.         1.3313433  1.2447257  0.98582673 3.0712767  0.72151875
  2.139966   1.4369041  1.9974358  0.         0.         1.7259178
  0.04079589 2.2670825  0.46932045 1.2499326  2.557884   0.9606037
  0.41265956 3.0266938  0.16874039 0.         2.2844896  2.0129104
  1.7785271  1.1708331  0.         0.2763415  0.         1.2600063
  1.2997715  0.         0.         0.03581619 0.         0.
  0.         0.17151839 0.08836514 1.5118225  0.40106028 0.28169343
  3.6776574  1.8441062  0.505229   1.7181809  2.4754791  0.
  1.2102684  0.8269151  0.         0.        ]]