[[3.3423424  0.5010125  1.7444453  2.2515001  0.         0.
  1.5357496  1.8329101  1.2402127  2.916076   0.         2.67564
  1.8183485  2.7231143  3.027351   0.74198383 0.95414263 2.150506
  0.37680462 0.         1.8964332  1.2792976  0.         4.965321
  1.040902   1.895868   1.2136055  0.         0.805228   0.4425765
  0.39720848 0.22107393 3.2260964  1.4884908  1.8227628  0.50119466
  0.         3.2537866  0.46784428 0.         0.09438646 0.
  0.         0.         0.65423495 0.8752096  1.5541079  1.7203748
  0.         0.80947745 1.7395495  1.683904   2.457075   0.5581846
  0.91638964 2.4241314  2.0496833  1.7327192  0.         1.7450557
  1.537243   1.7122827  0.9806205  2.1972504  1.0903968  1.2953553
  0.         1.4650642  1.4386336  0.05647627 2.7100677  1.8269981
  1.1954446  2.5131495  3.1703508  0.         0.         2.0931263
  1.0774847  1.7974651  0.01607551 2.007137   3.4906924  0.6072094
  0.8978202  1.9944984  0.67757356 0.         3.8921485  2.3330674
  2.5122938  1.6558315  0.         2.6228695  0.         2.1654344
  0.852646   0.         0.         0.         0.         0.
  0.36812642 1.1073443  1.6497397  1.5030836  0.77361834 0.9214881
  1.9481248  0.58305556 1.596127   2.5033603  2.3021271  0.
  2.2469919  0.38787624 0.         0.        ]]