[[1.8549937  0.17353424 0.94965243 1.1248842  0.92037565 0.
  0.3983829  1.3924282  0.5537606  1.3654904  0.         1.8426454
  1.5482486  2.492351   1.0802144  0.1214508  1.5966129  1.5135891
  0.03367195 0.         1.0792501  2.4192445  0.         5.8492517
  1.9813603  1.2779849  0.91543865 0.         1.6654061  0.97537297
  1.3137406  0.6058156  2.369496   1.4104694  1.7920334  0.6963111
  0.7928923  1.4224023  0.         0.         0.75767    0.
  0.4560168  0.         0.066861   0.6032074  0.09739026 0.6478195
  0.00594919 1.1150253  1.8412033  1.1420983  0.2169057  0.11087589
  1.7068557  2.7138588  2.3720603  2.4184349  0.         0.8492132
  1.9153317  1.879491   0.4902748  1.3252604  0.         1.369998
  0.         0.50234973 0.38917577 0.48862103 2.7558293  0.41974783
  1.0493976  0.82244205 0.57016885 0.         0.         0.95048755
  0.5192724  1.687576   0.         1.210287   2.3800895  0.76410055
  0.6460262  2.168271   0.         0.         1.6046653  2.1649857
  2.5267851  0.2594076  0.         0.3052767  0.         0.6257672
  0.70524055 0.         0.         0.         0.         0.
  0.         0.8302962  0.7612109  2.0048242  0.20710966 0.38061795
  2.032574   1.8784636  0.8487505  1.6835229  2.743272   0.
  1.4542745  0.46807668 0.         0.        ]]