[[6.0260493e-01 1.0369925e+00 4.5557923e+00 2.1803923e+00 2.1123958e+00
  9.7033030e-01 2.7752109e+00 1.1269416e+00 1.6086682e+00 8.5272413e-01
  0.0000000e+00 2.3244796e+00 0.0000000e+00 2.8082619e+00 0.0000000e+00
  8.8315940e-01 2.1019411e+00 1.6798071e+00 1.9772276e-03 0.0000000e+00
  2.0928307e+00 2.0106530e+00 2.8593600e+00 3.1099946e+00 1.8102008e+00
  2.0571134e+00 2.6492958e+00 0.0000000e+00 8.0547035e-01 9.9012572e-01
  2.7796714e+00 2.5751159e-01 5.1456684e-01 9.5154738e-01 1.5764632e+00
  1.0614836e+00 1.2958004e+00 9.6419752e-01 0.0000000e+00 2.7329035e+00
  4.4049391e-01 1.5397492e-01 4.0400720e-01 1.2554220e+00 1.2802166e+00
  2.0353448e+00 2.6614385e+00 2.3704651e-01 1.2871059e+00 2.5837197e+00
  6.9467330e-01 3.4407980e+00 1.5093462e+00 0.0000000e+00 2.1648201e-01
  1.0767114e+00 8.5968578e-01 3.0939744e+00 7.3209220e-01 1.7806052e+00
  1.2556677e+00 1.2086772e+00 1.9045699e-01 3.1331952e+00 1.2804364e+00
  3.3470697e+00 1.6553111e+00 1.7210212e-01 3.3744283e+00 1.7822890e+00
  4.0087035e-01 3.5697351e+00 4.1100180e-01 1.3888320e+00 1.5538410e+00
  0.0000000e+00 5.4857183e-01 5.0051266e-01 5.6073181e-02 1.6580884e+00
  1.9553624e+00 0.0000000e+00 1.1260062e+00 2.0918238e+00 1.2023739e+00
  1.5721140e+00 2.5615089e+00 1.4864943e+00 9.0404153e-01 2.3522108e+00
  3.5169160e-01 8.3645177e-01 3.9704931e-01 9.9439329e-01 6.4869136e-01
  2.3294618e+00 2.3346293e+00 2.0297377e+00 1.1243344e-01 3.6325235e+00
  9.8227978e-01 0.0000000e+00 1.6249007e+00 2.1239088e+00 1.7987846e+00
  1.0933775e+00 3.4398131e+00 1.5381800e+00 1.0021887e+00 1.6985400e+00
  2.4632475e+00 1.3051968e+00 2.2731426e+00 2.0347724e+00 1.4322391e+00
  8.5482299e-01 6.6887927e-01 3.0515347e+00]]