[[1.4848635  0.34449396 0.06857727 2.7682457  0.         1.9931813
  0.34979022 0.46693313 1.728097   0.6688447  0.20976666 0.
  1.3553985  1.1126566  1.1602917  1.276015   0.12669715 1.1428757
  2.9121943  0.9388804  0.54645586 0.         2.9742756  0.
  1.0410541  0.         1.5432307  1.1688411  0.572628   0.
  0.         0.23696443 0.         0.6461896  1.5487173  0.3286736
  1.3807313  0.2629522  1.8070264  0.96917677 1.9588963  1.0367299
  0.         2.3116693  1.622361   3.1836634  0.14370614 0.5528382
  0.         0.8057242  1.8514928  0.6131036  0.89366597 2.8172593
  0.         0.         0.         0.3393757  1.8444488  2.208512
  0.         0.771997   0.6782141  0.5139072  0.36479968 1.697356
  1.7196488  0.04307144 0.         3.6698685  2.1771429  0.09922952
  1.1408443  0.32166368 0.6493466  3.2001538  2.3617296  0.1504677
  0.7852351  0.         1.7721729  0.8664499  0.3535146  0.19059616
  2.3580077  0.40595758 0.9233493  1.6736293  0.         0.
  1.4125983  0.340772   1.2839462  1.5819576  0.22215188 1.8678503
  0.5062253  2.59306    0.29475075 0.2847768  1.1346236  1.2468449
  0.74854577 0.80544007 3.3851745  1.3251163  2.45127    0.
  0.         0.         1.589834   0.78559315 0.         2.8247235
  0.9114353  1.3258474  0.         0.        ]]