[[1.0058967  0.         0.25171918 1.406135   0.         1.2311357
  2.8590775  1.5361215  1.8898332  1.6386287  1.6389943  0.19211616
  1.4563744  0.05713091 0.03039552 1.2020739  0.         2.2564344
  0.16060391 1.432223   0.7732724  0.         0.57303655 0.
  0.         0.4437634  1.2431067  0.         0.7072667  0.
  0.         2.1816247  0.25912243 1.7116168  0.         0.6695107
  1.2156641  0.83936995 2.4525225  1.5867593  0.70424116 3.168853
  0.19685872 0.751895   0.         0.2777116  0.027818   2.6913753
  1.2426513  2.4967709  1.3698078  1.1789533  0.50755864 1.4502527
  0.78686005 0.         0.         1.9598776  2.3080978  1.154471
  0.30874878 0.17998987 1.4072704  0.2384508  0.4636783  0.7858819
  0.5721898  1.5065378  0.3011066  2.1941085  1.1378272  0.8384963
  0.7893495  1.0598857  0.3579449  0.         0.09184538 0.
  4.4073396  0.16736948 0.         0.9456363  0.         1.0989897
  0.10165555 0.25468412 1.8772224  0.         0.         0.
  2.6740718  0.88846266 1.9297647  0.19689628 0.75807893 1.8338307
  0.         0.7949635  2.039492   0.1338335  0.         2.233785
  0.         0.6036747  2.136572   1.594806   0.         0.3925611
  0.         1.550333   2.0278592  0.72721964 1.3401849  2.866031
  1.0855314  2.358813   0.         0.916685  ]]