[[2.724874   0.11460974 1.252311   3.2977695  0.         4.8973055
  1.4497008  0.08338678 1.293284   1.4686136  0.         0.
  0.8403093  1.1297952  1.6505048  1.7832395  0.         0.9025319
  1.220337   3.4033518  0.01461137 0.15327038 0.23614265 0.
  1.5707682  0.         1.7352926  1.9102747  0.3403099  0.
  0.         1.195761   0.         2.408463   0.         0.
  1.0995291  1.0779357  2.5341783  1.8303826  2.1920743  1.6900147
  0.         1.7340515  1.2819493  0.14234293 0.07319384 2.7591808
  0.8540702  1.3776599  0.8227719  1.9760581  1.288648   1.8668972
  0.         0.         0.         1.4722896  0.5018405  1.427987
  0.         0.6751889  1.8223479  1.2130315  1.6090854  0.33912054
  2.8362598  0.         0.09088859 1.8476316  1.144522   0.59220445
  0.5692687  0.         1.195653   0.68036187 1.1711774  0.
  0.96908826 0.         0.4714602  0.5132866  0.         1.9560895
  1.5085906  0.78701675 1.256608   2.4303174  0.19052045 0.
  2.3441734  0.03455904 4.567828   0.         1.4446043  2.6492364
  0.         2.225016   1.051375   0.         1.2677044  3.1128285
  0.29581162 0.7592412  1.9527736  1.20342    1.4117303  0.55492777
  0.         0.34023666 2.0876763  1.7916442  0.96292335 2.0822356
  0.9781728  0.7514446  0.         0.69556355]]