[[9.46009576e-01 2.30985075e-01 1.11968732e+00 8.26396465e-01
  0.00000000e+00 5.04873455e-01 1.01942003e+00 1.07672143e+00
  0.00000000e+00 5.06019592e-01 0.00000000e+00 0.00000000e+00
  3.45443711e-02 1.31612885e+00 0.00000000e+00 8.04709047e-02
  1.27600265e+00 1.13767767e+00 6.62750125e-01 0.00000000e+00
  5.02605379e-01 0.00000000e+00 1.90613163e+00 2.41136819e-01
  5.89475811e-01 6.92623481e-03 8.91940057e-01 5.21242857e-01
  9.68741059e-01 0.00000000e+00 5.27024269e-01 2.88504094e-01
  1.29658806e+00 1.61738527e+00 5.74104309e-01 1.06555200e+00
  9.59363759e-01 7.77678967e-01 1.58740282e-01 1.22687495e+00
  0.00000000e+00 9.12928820e-01 0.00000000e+00 1.73609185e+00
  1.07842040e+00 1.33996129e+00 1.36856353e+00 8.24765325e-01
  5.21573842e-01 8.94550204e-01 5.82133532e-01 1.03895843e+00
  1.12695670e+00 5.01015246e-01 0.00000000e+00 0.00000000e+00
  5.38876057e-01 4.75399613e-01 0.00000000e+00 9.53330696e-01
  0.00000000e+00 0.00000000e+00 0.00000000e+00 2.43649364e+00
  7.68292487e-01 1.04173243e+00 1.87013471e+00 0.00000000e+00
  5.32507524e-03 7.31575131e-01 2.64831871e-01 1.55269110e+00
  3.31971288e-01 2.74096802e-03 8.55640352e-01 8.54739845e-01
  1.02184093e+00 2.26338655e-01 0.00000000e+00 1.39714277e+00
  2.24649787e+00 0.00000000e+00 1.38067052e-01 7.55083025e-01
  8.39970529e-01 6.31039083e-01 8.03214014e-01 2.86241460e+00
  1.20796108e+00 8.36599469e-01 2.81077445e-01 0.00000000e+00
  4.59998906e-01 1.97418356e+00 6.00121021e-01 8.26644599e-01
  2.67186880e+00 1.48499060e+00 5.97441256e-01 1.61003995e+00
  1.57101810e+00 0.00000000e+00 1.36866736e+00 1.99925929e-01
  8.64198446e-01 1.38756168e+00 1.28203714e+00 8.99631083e-01
  1.23561256e-01 7.34981120e-01 1.73982418e+00 1.22070968e+00
  8.06360424e-01 1.42514348e+00 5.29932141e-01 1.00069895e-01
  0.00000000e+00 1.24988449e+00]]