[[1.1974972  0.33899283 1.641171   0.47179922 2.439937   0.
  0.80988944 1.1988924  0.7590666  0.22155157 2.0077794  1.3415085
  0.72237235 1.3358458  0.6416473  2.3632643  1.0116041  0.
  0.         0.         1.0640719  1.4802014  0.         0.84695095
  2.406091   1.2901818  0.01309416 0.         2.0439696  0.86962754
  1.9880279  0.12299993 1.6432773  0.7796365  0.7212222  1.799994
  1.1939533  1.4476379  0.         0.         0.8730326  0.15674439
  1.9216794  0.         0.45982665 1.1705737  0.25338316 0.26189393
  0.80286777 0.05427562 1.0009348  1.7462318  0.         0.
  1.1026194  4.246729   2.290047   0.95879006 0.         0.44053367
  0.31330335 0.         1.8174012  1.156791   0.         1.8655112
  0.         1.0019815  0.49453917 0.6861345  0.99823266 0.
  0.80783767 0.51948035 0.         0.         0.         1.7529535
  0.90154916 1.7500929  0.         0.33046564 1.1996113  0.
  0.63377637 1.3396648  0.         0.         0.11637951 0.80815303
  1.2337074  1.6644206  0.         0.         0.         0.
  1.9128283  0.         0.         1.3626486  0.         0.
  0.4313379  0.12074312 0.55430055 2.3075075  0.         0.03674356
  1.6994442  1.6353571  0.         0.         1.5435414  0.55317765
  1.4843184  0.44721946 0.         0.        ]]