[[3.8370483  1.7399745  2.9939315  2.3669448  0.         0.
  3.4641695  0.5272385  2.272212   4.1790175  0.         1.1605929
  3.036299   4.333563   2.1141615  2.4185662  1.0772636  0.8615673
  1.0901453  0.8098369  1.3998168  0.816795   0.06623854 2.540018
  1.8245256  0.57293767 0.9624042  0.         0.17183736 1.2297677
  0.18384498 0.9029884  2.5250623  0.         0.5367856  1.7216152
  0.         1.8987331  0.4507697  0.7762027  1.2339044  0.25715405
  0.9794748  0.0547669  1.3785727  3.4671862  1.4507513  2.4253995
  2.603466   2.9675407  1.7569509  2.1329677  0.846816   1.1142973
  2.793778   1.9195856  1.7846798  1.6150752  1.1682547  3.427275
  4.866206   1.623694   0.         1.9441171  2.047274   0.3260551
  0.64469606 2.1098738  2.0666208  0.6279924  0.5758177  1.2972012
  1.0497057  2.3197007  1.5645089  0.         0.35286105 2.3778791
  1.2246135  0.         0.         0.67737204 1.1726202  1.9293336
  1.2114245  0.68631774 1.0986317  0.         1.4938529  0.
  1.4349598  2.0342505  0.         1.5900382  0.         2.575871
  1.6708013  0.         0.         0.         0.         0.91173065
  1.9712512  0.         2.4590325  1.8812804  0.18442497 1.122126
  2.6636486  1.5525367  0.8229147  2.2675934  1.35639    0.0919058
  1.5035988  1.149135   0.85969275 0.        ]]