[[0.83397144 0.9405037  1.3765562  0.85041595 0.         0.17373583
  0.618431   0.6101237  0.         0.         0.         0.74188864
  0.         1.2733694  0.         0.         0.7031673  0.8837139
  1.1123859  0.         1.3863907  0.32282412 3.2710636  0.54762363
  0.8783089  0.41694424 1.2934793  0.9520702  2.2849398  0.32764822
  0.7069676  0.         2.840245   1.7199602  1.2479122  1.3102736
  1.1019306  0.14884385 0.0500259  0.9530478  0.         1.3460139
  0.         2.9019115  0.35139796 0.57794136 2.2963603  0.6105399
  0.31901821 0.8495184  0.87719697 0.5694585  0.9605219  0.59891725
  0.         0.         0.91448396 0.8319758  0.23577955 1.0348767
  0.22150362 0.99831486 0.         2.3213174  1.2888677  1.2542763
  1.9645365  0.         0.24340762 1.0483297  0.90268874 2.9858446
  0.5262493  0.29252493 1.0718626  1.0401003  0.9664347  0.22727542
  0.         0.9817658  2.5327017  0.12044097 0.37700593 1.8929229
  0.92577964 0.43009725 1.5365541  1.9358366  3.0128453  1.6052419
  0.         0.         0.6776424  2.2461052  1.0782394  0.6273716
  1.0010729  1.6476997  1.1239537  1.944431   2.0560744  0.
  1.1943876  0.9962429  0.93599105 0.98977584 0.6458163  0.860347
  0.12376177 0.64125216 1.8837152  0.95976216 1.1919601  1.9357039
  0.60292375 0.23148204 1.7316917  2.4413803 ]]