[[1.6148005  0.74596083 2.2843802  1.1525168  0.7337468  0.
  1.1898984  2.1676638  2.6102781  1.3764263  0.         0.9348942
  0.03011625 2.5498762  0.27308482 0.7977828  1.3650072  1.0030304
  0.         0.         2.4351807  2.4603832  2.1438308  3.0547323
  3.9701283  0.3407168  2.4500806  1.889385   1.2855278  0.0930195
  1.8888897  0.61568993 2.4561675  1.0385207  1.1332432  2.442256
  1.1660525  1.4780115  0.         0.54424703 0.         0.6454716
  0.28250223 0.         0.         1.8606678  0.7201444  1.0421743
  1.0142839  0.7321096  2.2340658  1.0874437  0.75111705 0.38708523
  1.0322362  0.41737363 2.285683   2.7501497  0.         1.1781473
  1.3082145  0.8027931  0.         2.9459732  1.7268378  2.9747717
  1.9705236  0.5304204  1.6176769  0.52556777 1.9649628  3.5293114
  1.382975   0.37115645 1.805036   0.         0.47052518 0.
  0.538104   1.151096   0.7415601  0.44101152 2.1814525  0.579722
  1.4523897  1.0481395  0.7082888  0.         2.7771423  2.5645578
  0.78802407 0.10997781 0.5407162  1.5582659  0.         1.6651185
  1.1358417  2.1948166  0.29445142 3.5404744  0.5280743  0.
  2.6022732  2.7471824  1.0839974  2.5289457  1.6285013  1.4691302
  1.5671045  1.760062   1.5563478  1.4748977  2.6146066  0.2623956
  1.2310865  0.9227598  1.2821782  1.6286644 ]]