[[0.87155485 0.8760233  0.8952422  0.7192007  2.20299    0.
  0.39980197 0.5448619  0.6657621  0.53072953 2.325381   1.1023912
  0.9111933  1.2838852  0.81628025 2.2916808  1.4966567  0.
  0.         0.         1.0053822  0.8559161  0.         0.47839504
  1.4649202  1.3085502  0.         0.         1.5570406  0.5224918
  1.654212   0.28012237 0.7590739  1.2370261  2.2659266  2.040873
  0.9417532  0.7150663  0.         0.         0.84726554 0.
  0.99941313 0.         0.1967021  1.52984    0.24484745 0.
  0.13505904 0.93646526 1.0607647  0.8007041  0.         0.
  1.0840217  3.6431127  1.0893897  0.69400793 0.         0.49607256
  1.850111   0.19207048 1.165671   0.57052875 0.         0.7952503
  0.         1.1089149  1.3801601  0.59728825 0.44019112 0.
  0.3729341  0.84279066 0.         0.         0.         1.3584205
  0.7074236  0.6486065  0.         0.48844042 0.5767083  0.32469755
  0.07874139 0.44876766 0.135436   0.         0.5182883  0.
  0.7966231  1.9034088  0.         0.         0.         0.
  1.2371143  0.         0.         0.61829865 0.         0.
  0.         0.         1.1253451  1.9063237  0.         0.
  0.5784834  0.73128873 0.11621392 0.         0.87344235 0.52372086
  1.0753478  0.9651459  0.         0.        ]]