[[1.7237898  0.13477945 0.5857989  1.6876243  0.         3.376067
  0.49371964 0.         1.1344786  0.24007545 0.         0.
  0.73105407 0.8384054  1.4650369  0.72519594 0.         1.2486775
  1.7243814  2.484331   0.03312756 0.01810337 1.7590088  0.
  0.8372669  0.         1.0069925  1.1211082  0.78831387 0.
  0.         1.0482223  0.         1.3584989  0.3749399  0.
  1.1578169  0.99653167 0.52592546 1.1534977  2.5025537  0.80175304
  0.         1.7916979  1.8373288  1.0664914  0.17013448 1.7067777
  0.         0.95936257 1.4373704  0.9376497  1.4927813  1.4379135
  0.         0.         0.         0.911963   0.7838093  1.3307127
  0.         0.606764   1.7839632  0.32478243 0.7403165  1.4218524
  1.3620917  0.         0.25410333 1.2776818  0.8721517  0.3164042
  0.40913886 0.         1.2737088  2.865521   1.7699438  0.
  0.         0.         0.62227017 1.4454893  0.00716855 1.2724056
  1.5206913  0.67142016 1.7312245  1.6004527  0.6997696  0.
  1.7620728  0.41120768 3.9647357  0.635346   1.5487673  1.8321205
  0.         1.9870042  0.4804305  0.         1.7723817  2.0253406
  0.25936761 0.6556176  2.167909   0.6145017  2.4178443  0.00995333
  0.         0.         1.5050704  2.5508654  1.2738056  1.535271
  1.0222827  0.01587644 0.         1.0089698 ]]