[[2.9159806  1.5045929  0.5017443  0.8333929  0.         1.1143167
  0.33450314 0.         1.2615341  0.18379018 0.         0.8891561
  1.481795   1.055195   1.2474616  0.22765411 0.07955426 0.05994008
  2.712118   1.1774882  1.195872   0.7602633  0.9381952  0.40258422
  2.0788984  0.9326202  1.0609398  2.3431752  0.9063593  0.04569744
  0.         0.7614687  0.         0.955559   0.27518004 1.3037531
  0.59749347 1.5573684  0.92312354 1.4676486  0.89080673 1.439794
  0.32115874 2.1185074  2.106363   0.7589161  1.5401804  0.8270556
  0.5179837  1.2781684  0.46555328 1.9148737  2.3226476  2.0849907
  0.         0.         0.617565   3.5948544  1.2717582  0.45508984
  1.0933934  1.7672485  0.         0.3484083  2.432564   1.5676372
  3.531578   0.32480437 0.7296015  0.51515985 1.6213126  0.8650354
  1.4606403  2.3173072  2.515648   3.0348656  2.0433288  0.82777077
  0.         0.         0.75555134 1.2552984  2.4538243  3.1860597
  0.58408815 0.         2.8677285  0.9107258  3.0980546  2.1204731
  0.69994295 0.         2.6220253  2.90891    2.362744   1.2618805
  0.5662288  1.2529745  0.68046    0.         0.8743079  0.
  1.6672549  3.1481025  0.6009108  0.         0.14508268 1.2732162
  0.26879212 0.         2.8518343  1.6431894  2.7411983  1.2418238
  0.6011112  0.79849356 1.8602217  0.5845083 ]]