[[0.9481753  0.27626133 1.2494638  0.96519965 0.         1.7844307
  1.0116993  0.         0.15622795 0.6758545  0.46140358 0.43695778
  0.31159148 0.9227981  1.6798344  0.6465014  0.         2.2013445
  2.231656   0.         0.46096566 0.         2.4738445  0.
  1.5270553  0.         1.5179389  0.         0.00756943 0.
  0.6245384  0.07277953 0.         0.5870704  0.69873005 0.32323918
  0.8041479  0.14080662 0.         0.9446316  1.9824479  0.44701096
  0.00426371 1.4014224  2.1833532  2.506183   0.7669544  0.27951822
  0.         1.1844816  1.6741351  0.94421875 0.27156794 0.24258463
  0.         0.         0.05519789 0.8534237  1.5272247  2.3731172
  1.0252382  1.0712737  0.07914466 0.79186547 1.6012484  1.2647808
  0.9351553  0.18437605 0.09125726 0.869995   0.86605066 0.30591598
  1.175308   0.38353294 0.39901617 2.115407   1.1252661  0.36529994
  0.         0.48816797 0.5990863  0.19573961 0.91292465 1.2215164
  0.7460633  0.9779736  2.7231143  0.84496397 0.25794196 0.10119663
  0.5909628  0.78710926 3.0570762  0.8772275  1.4656868  0.54902136
  0.84405404 1.3165916  0.4146915  0.7207712  1.4100943  0.12129094
  1.1955273  1.885687   0.         0.48620963 1.6431187  0.
  0.9526926  0.         0.30869693 1.803694   0.4859532  0.22654717
  1.1920627  0.37653634 0.37158164 1.0073663 ]]