[[0.44635764 0.         0.         0.1659204  0.         1.371604
  0.3723632  0.         1.2098488  0.8092377  1.1660082  0.
  1.373492   0.07840366 0.64675593 0.89210665 0.         0.6754193
  0.7431874  1.9486073  0.36534774 0.         0.79186964 0.
  0.53104424 0.         0.26688313 0.9142124  0.5475309  0.
  0.         0.         0.         0.46568057 0.41896635 0.3982019
  0.6523747  0.37109253 1.1520352  0.23406522 1.6298562  0.8917259
  0.         0.6794083  0.5217694  1.0788091  0.25104535 0.4971746
  0.         0.43738556 0.69109094 0.6199534  0.5165216  0.
  0.         0.         0.         0.50277215 1.0268174  1.5356876
  0.         0.20835194 1.3153814  0.         0.29130173 0.17915577
  0.         0.         0.         0.38098294 0.40113783 0.71150255
  0.5505888  0.         0.6318641  1.2014086  0.7371626  0.
  1.0219837  0.21672828 0.         0.78307855 0.12611641 1.225841
  0.05122844 0.8331042  1.5524887  1.2177081  0.10659368 0.
  0.6721065  1.5067192  1.0944301  0.         1.0688928  0.6052729
  0.2974125  0.8958727  0.94019645 0.         1.6255953  1.8429514
  0.34134367 0.2667565  0.         0.30741426 1.230216   0.10188035
  0.         0.         0.86855835 0.48852402 0.97970086 1.5409802
  0.7004597  0.         0.12685417 0.7031339 ]]