[[0.46746415 0.98338854 1.6366272  0.91908944 1.0680414  1.6871012
  0.         0.0286917  3.0334885  0.72411615 0.         0.5846429
  0.30085558 1.3386327  2.5883904  0.45371497 1.1163715  0.11716375
  0.         1.1280018  0.68003345 0.5866732  0.12288873 3.4690232
  0.06415713 0.98817825 1.8971393  0.7120114  1.2024959  1.580362
  0.         0.72457963 0.         1.8622409  0.60649216 2.1868525
  1.087274   3.4422376  0.         0.9670851  1.6978344  3.849299
  1.8785564  1.0227516  0.         1.6232085  1.8790039  0.65019965
  0.         1.520399   0.01996301 0.70716524 0.         0.
  1.9331797  0.27228874 0.716082   1.2087367  1.3231024  1.2086376
  1.9061358  0.         1.412135   0.         0.08060313 1.5383458
  0.         1.1633492  1.6532841  0.41306043 0.5850363  1.6740069
  1.2098551  1.2898887  1.2017269  1.6180116  3.4141471  1.2047974
  0.5179801  1.1051251  0.8846653  0.9152204  0.7832343  3.7261918
  1.8785467  0.         1.9109702  1.8101407  0.7862773  1.2095906
  0.         0.60630035 2.5585365  2.7287354  4.0812125  1.7034432
  0.5900796  0.         0.6018322  0.         0.93110424 1.6653167
  2.4817877  0.         0.5204077  0.3638661  1.0748088  0.3432869
  1.2803223  0.         0.7915474  1.4064487  1.8704358  0.03841511
  0.         1.6671778  0.78668797 1.8643091  1.1453125  1.3986177
  0.         1.0696838  0.48957366 4.37877    0.3995912  1.2004898
  0.         1.831335   1.6800607  1.0275756  0.         0.7386117
  0.4975764  2.479468   1.7639875  2.851581   1.001426   2.6513934
  0.87172633 0.5579835  2.9870515  2.5654058  0.816926   1.5958275
  0.3391936  0.8680164  1.124016   0.6766179  1.335784   1.055671
  1.2848693  1.7279315  0.         0.         0.         1.1859982 ]]