[[1.7344955  0.         2.2607496  1.4518977  2.028783   0.44011566
  0.87540764 0.8230398  1.4475434  0.45876634 1.1000102  1.8343275
  0.         0.85522515 2.2692807  1.6775081  1.500775   0.
  0.         1.878492   1.445395   2.1393995  0.69896525 1.5498682
  0.         0.77395153 0.6222891  1.3386483  2.398751   0.8802275
  0.         1.120919   1.3330224  0.62281394 0.59339416 0.
  2.0128741  2.1714623  1.2827568  3.0904334  1.2159778  0.
  0.         0.18870068 0.06467301 0.48647797 2.244569   2.3426673
  1.2212521  0.8861146  0.9156009  0.3123669  0.         0.
  0.9335046  0.3452745  0.5280882  0.         0.233571   1.0411788
  2.6419392  0.899982   1.8456877  1.938441   1.8277899  0.5337097
  0.         0.49123192 0.7543706  0.12957147 1.2625155  0.10548066
  2.9179919  0.         1.5420539  2.6111236  1.5221691  0.
  2.2684832  0.         1.8755598  2.5459292  0.         0.5937753
  0.         0.68373954 2.0898275  1.0912725  2.1457386  0.
  0.         0.9546279  1.3029166  1.8354344  0.5948817  1.8157768
  1.1418039  0.         2.6906805  0.         1.2657114  0.12707368
  1.514827   0.7359472  1.1300977  0.5152671  0.8206467  0.10486239
  2.2034214  0.9619301  0.60384786 2.2247052  1.3090153  0.6298615
  1.198567   1.4984668  0.35468516 1.3632369  2.0385644  0.38700166
  0.         2.8986442  0.95306677 0.23519027 0.7892864  0.84766346
  1.3594117  0.37660027 2.230027   0.8588507  1.0165789  1.7236524
  0.84237546 1.45956    1.7243935  1.5666912  2.4431927  0.6858763
  3.545563   1.6472033  1.5286809  2.4253132  0.         3.1335373
  0.04703465 1.0139627  0.         1.8398849  0.         0.54186934
  1.271681   1.7775414  0.         0.25999844 2.5277855  0.49328446]]