[[1.651624   0.         0.74493575 1.0634062  0.99805415 1.1077383
  0.4526769  1.3481932  1.8068773  0.         1.4358374  1.1505392
  0.         0.49004522 0.0381146  1.647274   1.2072171  0.12234652
  0.         1.3387634  0.41595834 1.4261752  1.05268    0.07162981
  0.42023245 0.49632347 1.7682017  0.48415437 1.6710104  0.2857579
  0.         0.29040614 0.38838622 0.70010036 1.9224741  0.4932063
  2.905888   2.741112   1.0204605  1.1378583  1.126849   0.
  0.         0.         0.9073336  0.23249286 0.89589244 0.7870639
  1.2215347  0.9881604  1.1743605  0.26104397 0.         0.09504101
  0.5280721  1.1522272  0.07180615 1.1843631  0.1657443  1.5460663
  1.4152284  0.9058086  1.7958974  2.2209659  1.1957161  0.4038776
  0.29710597 1.0656213  0.09105672 0.11430407 1.8375425  0.37776715
  1.0006307  0.         0.4967702  1.6902093  2.0792143  0.
  1.6058937  0.90753925 0.2547584  2.468871   0.         0.3221262
  0.         1.3111329  2.6872222  0.4906326  0.8166226  0.7081195
  0.         0.33792526 1.1243243  1.8806309  0.         1.5627478
  0.3881945  0.         1.5613598  1.0205336  1.5521593  0.
  0.7092463  1.7219126  0.9811366  1.1144319  0.3595289  0.
  2.2220802  0.1337922  0.88140464 0.96781    0.39678293 0.17824289
  2.3394732  3.4271557  2.1317735  1.5281547  1.9134662  1.0619699
  1.1025261  0.94857526 0.9156401  2.4114294  0.7964973  0.31983563
  1.1262991  0.36635125 1.4383943  0.7351048  2.3727965  0.70972204
  0.78081226 0.87773424 1.4837502  0.7074002  2.6655662  0.
  2.0452106  1.1394403  0.83320594 1.6434544  0.         1.7396704
  0.7081059  0.795762   0.66586554 1.4345566  0.02869868 0.01365454
  0.76339096 1.245546   0.         0.         1.1063125  0.32911605]]