[[3.0497673  0.         0.7220789  2.0596018  1.7113013  0.9916631
  0.         2.4990864  1.8725803  0.         0.56923753 1.8936903
  0.         1.1039149  0.7515669  1.5239387  1.8041203  0.
  0.         0.8912594  1.378373   1.0862818  0.40625748 0.23435168
  0.06070533 1.4827073  1.0959662  0.9488898  3.2027967  0.8020012
  0.         0.         1.6139699  0.         2.4332108  0.
  3.056127   2.6650403  1.2372241  2.2200234  2.3808272  0.
  0.         0.3193736  0.8566393  0.8091575  1.5410517  0.3770508
  1.6310418  0.78886163 0.7495079  0.23236385 0.         0.27531844
  0.1991919  1.3178154  0.08440422 1.9524816  0.5686791  0.98630255
  1.700418   0.         1.6341392  3.129659   1.3672267  0.8047292
  0.29895043 0.77880174 0.16876055 0.25196365 1.2163978  0.
  2.4374795  0.         0.95578986 3.5737581  3.0154948  0.
  1.4432302  0.6918992  0.5451443  3.1564424  0.         1.7582266
  0.         1.3601122  3.3697662  0.56653214 1.0224966  1.12248
  0.         0.8227927  1.3083616  2.4963198  0.         1.4295908
  1.0688652  0.         1.2254075  0.9821117  1.7416052  0.58634067
  0.40164378 1.2603195  1.7832736  0.97568905 0.6974902  0.
  2.0106442  0.58265513 1.4269531  1.1223853  0.6698821  0.9012834
  2.2672307  4.861338   2.5409346  1.5498619  1.5447071  0.7661796
  1.4304444  1.9591303  0.2108697  3.179512   0.6227717  0.3804615
  1.495748   1.2673075  1.2599123  0.5507594  1.7869213  1.1394688
  0.6897271  1.7359279  1.7817993  1.9442216  3.2379353  0.48018977
  2.4084082  2.2212903  1.710741   1.3850468  0.         2.119499
  0.3496959  1.1889536  0.49832386 3.2765462  0.         0.07103081
  1.0728236  1.5958308  0.         0.         1.3902714  0.39728433]]