[[0.         1.0286618  0.58945334 0.28871286 0.         1.5301747
  2.2535834  0.32960775 2.6875079  0.13138998 0.4794495  1.2407984
  1.6529416  0.         0.67215145 0.97426873 0.30442306 1.7137777
  1.0767455  0.         2.315991   0.         3.6348438  0.
  0.5906497  1.3711903  2.0503364  0.8563356  0.39992425 0.
  0.         2.1338048  2.3639276  0.65375215 0.         1.8891194
  0.         0.         2.273853   1.4139713  0.74532205 0.
  1.139223   2.6387088  1.6723962  0.         1.3981837  0.
  0.4528642  0.         0.97114855 1.7709662  1.0651747  2.6653764
  0.9079936  0.70849663 0.46614963 1.7224715  1.1870804  0.5151039
  1.6898416  2.1200569  1.3772736  0.         2.1510587  0.9195273
  0.29682773 2.1542966  0.3739364  1.9296846  1.629791   0.5459749
  1.4184861  0.50639457 0.49395263 0.         0.         3.1193569
  0.13000453 0.         1.1693932  2.3134322  0.7717612  0.
  0.         1.593241   0.         1.7654603  1.1792485  0.
  3.8377156  0.         0.695853   0.46907344 0.         1.01035
  2.8718336  5.19041    0.47906148 0.23755127 0.         0.09067231
  0.41989765 0.8145809  0.         0.24610728 2.316128   0.93362814
  0.9404433  0.03284423 1.6398169  3.7989702  0.         1.4409723
  1.1951963  0.3744109  0.950961   1.3700162  2.351958   0.66085744
  1.8913637  0.02132177 0.8338697  0.         2.980408   1.0597575
  3.1235101  0.         1.4756482  1.3822829  2.564127   1.5817261
  1.0466573  0.5739472  0.         0.62116235 0.5254941  0.
  0.78200614 0.2616398  0.         3.1002252  0.531882   2.0208852
  1.1286635  2.332882   1.7549815  0.         0.47681653 0.05791433
  0.06362499 0.7003752  2.877324   0.         2.63918    0.42776996]]