[[0.         1.948925   0.32790622 0.21637167 1.4457012  0.31071228
  1.3762124  0.         1.6279435  1.8262808  0.         0.20532021
  0.9308766  3.165294   0.3700632  0.         0.         0.13134095
  2.321951   0.83059543 0.09350696 0.9860842  0.         0.8100727
  0.7049133  0.         2.1501598  0.7153004  0.31844822 1.3056675
  1.7057025  0.         0.         2.6603005  0.40688956 0.7848665
  0.         2.1194322  0.         0.6029385  0.99064815 3.148753
  0.6885631  2.002917   0.         0.         2.7213697  0.
  0.         1.5499651  0.         0.         0.         0.
  0.97192633 0.         2.2149596  0.6189402  0.54928774 1.4566256
  0.99832606 0.         1.1454616  0.26370662 0.         0.76273215
  0.         0.         1.0691813  1.1472772  0.28656903 1.4892505
  0.         1.6039126  0.5336783  0.28243998 0.         0.67850053
  0.743888   1.4461536  1.1327881  0.         1.8393973  1.0738262
  0.64528686 0.         0.         1.9942472  0.         1.8640658
  0.         0.         0.80411935 0.         1.4654734  0.
  1.4785947  0.         0.3367312  0.         0.12375503 0.5757763
  1.686355   0.         0.3722055  0.         0.86493003 0.9315477
  0.78630483 0.         0.         0.52060103 0.91198653 0.
  0.         0.         0.         0.         0.4963514  0.
  0.         0.590249   0.07096402 0.         0.22213818 0.67481714
  0.         0.5945284  0.         1.0887281  0.         0.
  0.2549383  0.         1.0122517  1.0035305  0.31331906 0.16195141
  0.         0.         0.23042586 1.2645662  0.6725009  0.
  0.7596922  0.         0.92394006 0.         1.0352377  1.8272192
  0.7035454  1.4022018  0.         0.7039651  0.         0.4690758 ]]