[[0.         1.0075251  0.5785978  0.22106923 0.         0.5976431
  2.65574    1.2750194  3.4817412  0.7172152  0.18125899 1.1548216
  0.         0.         0.2965594  1.1198862  1.018916   2.2021084
  1.1575788  0.         1.3573864  0.         2.0504687  0.
  0.77676994 1.1214982  1.753983   1.5438466  0.03114995 0.
  0.         1.3008229  2.0980058  1.3506832  0.         1.2502776
  0.         0.         1.977519   1.0904496  0.16600162 0.
  0.         1.1473985  2.5990148  0.         0.48063225 0.
  0.9720055  0.36501393 1.3491684  0.8896883  0.9786535  3.7593813
  0.74433666 1.6420385  1.2002517  0.6163459  1.4149039  0.43555695
  0.48005152 2.3065937  0.11659349 0.         0.27377933 1.2973889
  1.532378   1.5103754  0.9055288  1.8646097  1.5698173  0.55372137
  0.4366238  0.26601216 0.9385122  0.         0.         1.2885425
  0.4683117  0.21188596 0.3707556  2.0916903  0.52893955 0.
  0.         0.45181528 0.         1.4354576  0.9056265  0.5052754
  2.707448   0.         0.9297943  0.         0.         1.0452557
  1.6834742  2.7810984  1.2148522  1.3021046  0.         0.
  0.11901976 2.085294   0.         0.64456636 1.6125255  0.3696378
  0.11796471 1.2037195  0.9503012  1.3907754  0.65640825 0.48235485
  1.6193968  0.41614735 0.47814578 1.7478468  1.9565165  1.0414039
  2.9429452  0.         1.7699775  0.8010387  2.828376   0.7733028
  1.6766129  0.         0.7410978  0.8038804  2.2300339  1.2260765
  1.0723736  0.5877054  0.         0.43910396 0.8201728  0.
  0.01761988 0.04794648 0.3924531  1.2798872  0.9980806  2.0142064
  1.1600589  1.2342262  2.1766818  0.         0.         0.
  0.         0.         1.3195196  0.         1.8232248  0.5863395 ]]