[[0.         0.         1.1482682  0.41283965 0.22772299 1.6307983
  1.4987905  1.5062753  4.0441027  0.         1.5147878  2.3609886
  0.         0.22441909 1.4215503  1.9823914  3.8079123  2.3752584
  0.         1.0072798  2.5007577  1.4811246  2.4411929  0.
  0.         1.7283589  0.57702094 1.3410544  1.6584963  0.33537692
  0.         1.8013812  1.8560774  0.5505743  0.         1.3838547
  0.         0.         0.9952369  0.5549521  0.77656907 0.
  0.5075888  0.         0.7846368  0.         0.61621326 2.5898082
  0.         2.305925   2.5194945  0.5147262  1.1883496  3.336827
  0.31366348 2.3595722  3.0426135  0.86803275 1.423832   1.4825872
  1.7988389  0.7608763  2.5961974  0.32928753 0.68424135 0.16013911
  0.45360553 2.1046245  0.26978737 1.0366758  0.8742396  0.25756383
  1.0932571  0.17585571 1.6665955  0.30183396 0.07218525 0.75654346
  2.2057292  0.3307127  2.1662345  2.053276   0.         0.
  0.20571771 0.02061596 1.8860615  0.19844423 0.93787605 1.5754961
  1.0131525  0.         2.0167954  0.93034446 0.6151876  0.61537784
  0.5381449  2.0881937  1.8507429  0.58602905 1.6460868  0.
  1.9205971  1.4654404  0.4175144  2.2596316  0.78412586 1.3450575
  0.3665568  0.38981056 0.45223483 1.0858569  0.8212156  1.2722785
  1.8962541  2.8183625  0.29650223 1.3823832  0.         0.04349109
  0.09322695 1.4107761  0.         2.9674304  0.7401832  0.47883454
  1.8790071  1.5925734  1.5077325  2.7342873  1.9437444  2.0528889
  0.46444756 1.638989   0.24558061 2.7101414  1.5165792  0.32904306
  3.5897698  0.02227283 0.26587322 1.5234605  0.55143124 2.4764884
  1.8241016  2.115085   1.1001284  3.0195045  0.14758244 0.18860528
  1.0839751  0.81923753 0.         0.         1.6043     0.4033528 ]]