[[0.         2.1312404  0.03944281 0.23202361 0.         1.2039992
  2.9885938  3.3587031  2.325113   1.9558103  2.327084   0.
  0.         0.         0.36481157 2.372239   0.79876566 2.721861
  0.04673885 0.6973732  0.         0.         1.20858    0.
  1.5460656  1.1244966  1.2062457  1.1860733  0.         0.
  0.         0.46212557 1.0101753  2.3043408  0.33428165 2.160027
  0.         0.         0.07880196 0.         0.         0.
  0.         0.6091871  2.7301648  0.         0.49930948 0.59056276
  1.6990724  1.3522925  0.67775935 0.         0.17898788 2.7238636
  1.4588268  0.79920584 0.8948466  0.         1.0561432  1.2737511
  0.         1.7569667  0.20718446 0.         0.3111455  1.0884312
  1.0750403  1.1162782  0.99212945 1.2209455  0.55823624 0.
  0.28365117 1.4808089  0.8339557  0.         0.         0.29264125
  0.36131245 0.9646371  0.5122351  0.79567397 0.27720597 0.
  0.         1.181907   0.         2.5910022  1.3149154  0.
  2.3025699  0.         1.6132796  0.         0.         0.9792
  0.78014904 0.90172255 0.         2.9505188  0.         0.10801959
  0.         1.1315434  0.         1.7370963  1.3402317  0.18265332
  0.5453875  1.6595031  2.0777018  0.71965283 0.5051971  0.
  0.40616754 0.         0.75041854 2.5214264  1.713727   0.04784887
  4.78074    0.         0.91939855 0.         2.2242064  2.3760629
  0.3362671  0.46538293 0.52109706 0.92658526 0.8943316  2.0109866
  0.15906791 0.3147603  0.67695385 0.         1.1598352  0.
  0.         0.01127216 0.07663381 0.         1.194699   0.7828769
  1.250069   1.0124377  0.37058643 0.         0.         0.
  0.259499   0.         1.9973798  1.3516387  0.87399316 0.08046184]]