[[0.05417017 1.5699145  0.         0.         0.         0.79333097
  0.96105623 0.8834951  1.620933   0.06426542 0.7032783  0.3737294
  1.1318268  0.         0.65178907 1.1084435  0.         0.41639334
  1.8856869  0.         0.6051554  0.         1.6749029  0.
  0.6403023  1.4168122  0.594573   0.26812416 0.         0.0378086
  0.         1.353172   1.2997329  2.2173283  0.         0.3453147
  0.         0.         0.4779572  0.27382046 0.         0.
  0.         0.5417119  1.7175648  0.         0.902168   0.
  0.22828476 0.         0.36705798 0.44069737 0.41409993 1.223838
  0.5792991  0.19339229 0.9397136  0.         0.40527418 0.5573189
  0.         2.874253   0.         0.         0.9899977  0.13144669
  0.9745384  0.63625896 0.9768502  1.5404332  0.1772191  0.56874996
  0.42944074 0.         1.1778688  0.         0.         0.
  0.554176   0.         0.768952   0.99779344 0.60673267 0.
  0.         0.3652219  0.         0.86516345 1.2648457  0.05504721
  0.86562955 0.         0.9046514  0.         0.         1.2222806
  0.51741236 1.7198753  0.         1.7491493  0.         0.
  0.         1.3271393  0.04722366 0.00428012 0.         0.
  0.3095911  0.6865476  0.13168713 0.49301428 0.6230554  1.3719037
  0.76127076 0.         0.8915425  0.439923   1.2273077  0.08046892
  1.225388   0.         0.87753856 0.         0.8253731  0.7809274
  0.9763968  0.5280958  0.9471249  0.3346557  0.         0.51433885
  0.3883777  0.32925963 0.         0.         0.05190497 0.
  0.32492965 0.11273775 0.28255862 1.100731   1.0544544  0.
  0.7064519  0.91083163 0.30319417 0.         0.06346803 0.
  0.         0.         1.2525969  0.         1.3659842  0.12958904]]