[[8.4224379e-01 1.5021015e+00 9.9123073e-01 1.4797994e-01 3.0176544e-01
  3.2068497e-01 7.7711630e-01 1.9926244e+00 0.0000000e+00 1.6139725e+00
  1.0042827e+00 2.0748913e+00 0.0000000e+00 3.5589247e+00 2.6387620e+00
  9.1818523e-01 0.0000000e+00 2.0203288e+00 2.1470308e+00 2.1392195e+00
  8.8162297e-01 5.4233956e-01 2.3419187e+00 0.0000000e+00 4.4474030e+00
  2.1261265e+00 1.9685551e+00 0.0000000e+00 1.2653694e-03 2.0329733e+00
  9.3698877e-01 1.2553501e+00 2.4243443e+00 5.4832715e-01 7.1605420e-01
  2.0046568e+00 2.2728848e+00 2.9467776e+00 9.1443652e-01 2.8884261e+00
  4.2406368e-01 0.0000000e+00 1.9799384e+00 7.4624735e-01 1.3714504e+00
  4.0455721e-03 3.6977320e+00 0.0000000e+00 0.0000000e+00 0.0000000e+00
  0.0000000e+00 1.6308731e-01 1.6365533e+00 0.0000000e+00 3.8495858e+00
  1.8559901e+00]]