[[0.         0.         0.         0.5471208  0.         0.
  0.         0.         0.         0.         1.2624878  0.
  0.         0.         0.         0.         0.         0.10377613
  1.5263216  0.         1.9444125  0.         0.         0.
  0.         0.         0.         0.         0.17144924 3.1443036
  0.         0.         1.3582436  0.         0.         0.
  0.         0.         1.0897062  0.43711042 0.         0.
  0.         1.3079817  0.         0.         0.         0.
  0.         0.         0.         0.         0.         0.
  0.79926944 0.         0.         0.         0.         0.
  0.6364923  0.         0.         0.         0.         0.
  0.         0.20814218 0.         0.         0.         1.6815718
  0.         0.         0.         0.         0.         0.
  0.         0.         0.         0.         0.         0.
  0.         0.40739352 0.         0.         0.         0.
  0.         0.         0.         0.         0.         0.
  0.53697026 0.17971595 0.6677053  3.438101   0.         0.
  0.         0.45049295 0.         0.         0.         0.
  0.         0.         0.         2.320726   3.101933   0.
  0.         0.         0.         0.         0.         0.
  0.         0.         0.         0.         0.         0.
  0.         0.         0.         0.         1.723114   0.
  0.         2.230738   0.8241275  0.         3.3142545  0.
  0.         0.21225053 0.7248371  0.         0.         0.
  0.         0.         0.         0.         0.         0.
  0.         0.         0.58016825 0.         1.2174103  0.        ]]