[[0.         0.         0.         1.1734844  0.         0.
  0.         0.         0.         0.         0.         0.
  0.         0.         0.6483257  0.         0.         0.
  0.21497981 0.         0.75070506 0.         0.         0.
  0.         0.         0.         0.         0.         1.4034164
  0.         0.         3.1984522  0.         2.7105193  0.
  0.         0.         0.         0.         0.         0.03788655
  0.         0.         0.         0.         0.         0.
  0.         0.         0.         0.         0.         0.
  3.2057621  0.         0.         0.         0.         0.
  0.8306876  0.         0.         0.         0.         0.
  0.         0.         0.8981422  0.         0.         2.451958
  0.         0.         0.         0.         0.         3.4293165
  0.         0.         0.         0.37798193 0.         0.
  0.         5.097089   0.         0.         0.         0.
  0.5196384  0.         0.         0.         0.         0.
  4.084154   1.0452017  3.6092026  3.3033252  0.         1.0815371
  0.         3.506409   0.         0.         0.         0.
  0.         0.         0.         0.2166157  0.6322739  0.
  0.         0.         0.         0.41516918 0.         0.
  0.         0.         0.         0.         0.         0.
  0.         0.         0.         0.         0.         0.
  0.83394843 2.4020357  0.         0.         3.7839968  0.
  0.         0.         3.697184   0.         0.         0.
  0.         1.0256226  0.         0.         0.         0.
  0.         0.         0.         0.76290095 0.         0.        ]]