[[0.         0.         0.         0.         0.         0.
  0.         0.         0.         0.         1.2407314  0.
  0.         0.         0.         0.         0.         0.
  0.         0.         1.2103233  0.         0.         0.
  0.         0.         0.         0.         0.         1.1715584
  0.         0.         2.4842973  0.         1.5366979  0.
  0.         0.6675297  0.         1.0938095  0.         0.
  0.         1.9454447  0.         0.         0.         0.
  0.         0.         0.         0.         0.         0.
  0.98846585 0.         0.         0.         1.8251863  0.
  2.5300076  0.         0.         0.         1.9655622  0.
  0.         1.475047   0.         0.         0.         0.
  0.         0.         0.         0.         0.         0.
  0.         0.         0.         0.         0.         0.
  0.         2.9967728  0.         0.         0.         0.
  0.         0.         0.         0.         0.         0.
  0.         2.2317407  1.3845497  2.1101515  0.         3.165061
  0.42321298 2.1073482  0.         0.         0.         0.
  0.         0.         0.         1.4105289  1.7797397  0.
  0.         0.         0.         0.         0.         0.
  0.74131405 0.         0.         0.         0.         0.
  0.         0.         0.         0.         1.9093976  0.
  1.1774377  0.         1.9105186  0.         1.9776907  0.
  0.         2.110805   3.3252614  0.         0.         0.
  0.         0.         0.23835899 0.         0.         0.
  0.         0.         1.3630856  0.         1.0792909  0.        ]]