[[0.         0.         0.         0.03882059 0.         0.
  0.         0.         0.         0.         1.2918726  0.
  0.         0.         0.         0.         0.         0.
  0.15784828 0.         3.0773015  0.         0.         0.
  0.         0.         0.         0.         0.         2.1301513
  0.         0.         3.2355087  0.         1.1882106  0.
  0.         0.         0.         0.44587797 0.         0.
  0.         1.6882749  0.         0.         0.         0.17910026
  0.         0.         0.         0.         0.         0.
  1.9327656  0.         0.         0.         0.26886842 0.
  1.9626348  0.         0.         0.         0.64089924 0.
  0.         1.0400428  0.         0.         0.         1.3211054
  0.         0.         0.         0.         0.         0.7929148
  0.         0.         0.         0.         0.         0.
  0.         2.588632   0.         0.         0.         0.
  0.         0.         0.         0.         0.         0.
  0.34299797 1.7145196  2.6425707  3.4952223  0.         2.198617
  0.         2.1827059  0.         0.         0.         0.
  0.         0.         0.         2.1203525  3.1121771  0.
  0.         0.         0.         0.         0.         0.
  0.         0.         0.         0.         0.         0.
  0.         0.         0.         0.         2.9054456  0.
  0.         0.36579353 2.3957906  0.         3.4509947  0.
  0.         1.2487912  3.097057   0.         0.         0.
  0.         0.         0.         0.         0.         0.
  0.         0.         2.2654953  0.         1.6226715  0.        ]]