[[0.         0.         0.         0.         0.         0.
  0.         0.         0.         0.         1.6890085  0.
  0.         0.         0.         0.         0.         0.
  0.         0.         1.4858452  0.         0.         0.
  0.         0.         0.         0.         0.         1.6437178
  0.         0.         2.5829127  0.         2.5544887  0.
  0.         0.         0.         0.62708217 0.         0.
  0.         1.7079513  0.         0.         0.         0.
  0.         0.         0.         0.         0.         0.
  2.0625398  0.         0.         0.         1.5075926  0.
  1.7866538  0.         0.         0.         1.4824874  0.
  0.         0.8706891  0.         0.         0.         0.7600633
  0.         0.         0.         0.         0.         0.39298484
  0.         0.         0.         0.         0.         0.
  0.         1.702363   0.         0.         0.         0.
  0.         0.         0.         0.         0.         0.
  0.         1.2675858  1.5878065  0.76220036 0.         1.5360329
  0.         1.8956069  0.         0.         0.         0.
  0.         0.         0.         2.3319683  1.8711008  0.
  0.         0.         0.         0.         0.         0.
  0.         0.         0.         0.         0.         0.
  0.         0.         0.         0.         1.9985723  0.
  1.082845   0.         2.4595356  0.         2.3613966  0.
  0.         3.006494   1.8542802  0.         0.         0.
  0.         0.         0.         0.         0.         0.
  0.         0.         0.7013436  0.         1.5371176  0.        ]]