[[0.         0.         0.         0.         0.         0.
  0.         0.         0.         0.         2.5304565  0.
  0.         0.         0.         0.         0.         0.
  0.         0.         1.7176713  0.         0.         0.
  0.         0.         0.         0.         0.         1.926389
  0.         0.         2.9010923  0.         2.509586   0.
  0.         0.03374314 0.         1.0492952  0.         0.
  0.         2.281772   0.         0.         0.         0.
  0.         0.         0.         0.         0.         0.
  2.3213656  0.         0.         0.         2.2077928  0.
  2.014261   0.         0.         0.         2.1274164  0.
  0.         1.132171   0.         0.         0.         0.42721406
  0.         0.         0.         0.         0.         0.24672788
  0.         0.         0.         0.         0.         0.
  0.03322439 1.4208857  0.         0.         0.         0.
  0.         0.         0.         0.         0.         0.
  0.         1.3946952  1.2376649  0.67825663 0.         1.6643744
  0.         1.8255782  0.         0.         0.         0.
  0.         0.         0.         2.7657576  1.9547962  0.
  0.         0.         0.         0.         0.         0.
  0.21901333 0.         0.         0.         0.         0.
  0.         0.         0.         0.         2.5865052  0.
  1.2704241  0.         3.0907555  0.         2.3507378  0.
  0.         4.043436   1.7347962  0.         0.         0.
  0.         0.         0.         0.         0.         0.
  0.         0.         0.6005472  0.         2.0471804  0.        ]]