[[0.         0.         0.         0.         0.         0.
  0.         0.         0.         0.         0.5181289  0.
  0.         0.         0.         0.         0.         0.
  0.         0.         0.63605237 0.         0.         0.
  0.         0.         0.         0.         0.         0.9577982
  0.         0.         2.0054853  0.         3.5020366  0.
  0.         0.         0.         0.4217109  0.         0.
  0.         1.3532054  0.         0.         0.03675689 0.
  0.         0.         0.         0.         0.         0.
  1.4653941  0.         0.         0.         1.3545545  0.
  1.7534869  0.         0.         0.         1.0161731  0.
  0.         0.8464686  0.         0.         0.         0.85717267
  0.         0.         0.         0.         0.         0.22483936
  0.         0.         0.         0.         0.         0.
  0.26554266 2.2765782  0.         0.         0.         0.
  0.         0.         0.         0.         0.         0.
  0.         1.4171257  1.9646659  0.5928797  0.         1.7498031
  0.         2.2513053  0.         0.         0.         0.
  0.         0.         0.         1.7672821  1.2073514  0.
  0.         0.         0.         0.         0.         0.
  0.49971953 0.         0.         0.         0.         0.
  0.         0.         0.         0.         0.8861542  0.
  1.805837   0.         1.788488   0.         2.2841117  0.
  0.         2.1329331  2.1177995  0.         0.         0.
  0.         0.         0.         0.         0.         0.
  0.         0.         0.4085637  0.         0.7653243  0.        ]]