[[0.         0.         0.         0.         0.         0.
  0.         0.         0.         0.         0.12233286 0.
  0.         0.         0.         0.         0.         0.
  0.         0.         0.37351573 0.         0.         0.
  0.         0.         0.         0.         0.         0.77761394
  0.         0.         1.8381311  0.         3.930974   0.
  0.         0.         0.         0.25922674 0.         0.
  0.         1.2588304  0.         0.         0.17786796 0.
  0.         0.         0.         0.         0.         0.
  1.4066707  0.         0.         0.         1.2999414  0.
  1.8297384  0.         0.         0.         0.8701933  0.
  0.         0.79635906 0.         0.         0.         1.0950813
  0.         0.         0.         0.         0.         0.24983248
  0.         0.         0.         0.         0.         0.
  0.34674552 2.607578   0.         0.         0.         0.
  0.         0.         0.         0.         0.         0.
  0.         1.3833686  2.118049   0.46427122 0.         1.655934
  0.19762783 2.4252741  0.         0.         0.         0.
  0.         0.         0.         1.587072   1.0547793  0.
  0.         0.         0.         0.         0.         0.
  0.48264393 0.         0.         0.         0.         0.
  0.         0.         0.         0.         0.64498687 0.
  2.1095235  0.         1.5749583  0.         2.3980525  0.
  0.         2.0532186  2.211821   0.         0.         0.
  0.         0.         0.         0.         0.         0.
  0.         0.         0.20198604 0.         0.54805917 0.        ]]