[[0.         0.         0.         0.         0.         0.
  0.         0.         0.         0.         1.7298441  0.
  0.         0.         0.         0.         0.         0.
  0.         0.         1.1868652  0.         0.         0.
  0.         0.         0.         0.         0.         1.1376203
  0.         0.         1.5420254  0.         1.5133595  0.
  0.         0.         0.         0.13952547 0.         0.
  0.         1.6641271  0.         0.         0.         0.
  0.         0.         0.         0.         0.         0.
  1.8584377  0.         0.         0.         0.9235528  0.
  0.9356493  0.         0.         0.         1.0095317  0.
  0.         0.24308716 0.         0.         0.         0.8141848
  0.         0.         0.         0.         0.         0.3766242
  0.         0.         0.         0.         0.         0.
  0.         0.44604272 0.         0.         0.         0.
  0.         0.         0.         0.         0.         0.
  0.         0.40800703 0.64776814 0.13587712 0.         0.43040687
  0.         0.9125519  0.         0.         0.         0.
  0.         0.         0.         2.0978532  1.4449617  0.
  0.         0.         0.         0.         0.         0.
  0.         0.         0.         0.         0.         0.
  0.         0.         0.         0.         1.5577253  0.
  0.63370407 0.         1.8936385  0.         1.7179236  0.
  0.         2.6242032  0.6447166  0.         0.         0.
  0.         0.         0.         0.         0.         0.
  0.         0.         0.12331253 0.         1.1430589  0.        ]]