[[0.         0.         0.         0.         0.         0.
  0.         0.         0.         0.         1.6536118  0.
  0.         0.         0.         0.         0.         0.
  0.         0.         1.7038419  0.         0.         0.
  0.         0.         0.         0.         0.         1.745548
  0.         0.         2.2925694  0.         2.2411757  0.
  0.         0.         0.         0.1870578  0.         0.
  0.         1.4924393  0.         0.         0.         0.
  0.         0.         0.         0.         0.         0.
  2.2678638  0.         0.         0.         0.6824438  0.
  1.3218379  0.         0.         0.         0.822589   0.
  0.         0.30267578 0.         0.         0.         1.2285247
  0.         0.         0.         0.         0.         0.72309095
  0.         0.         0.         0.         0.         0.
  0.         1.2484902  0.         0.         0.         0.
  0.         0.         0.         0.         0.         0.
  0.         0.8259977  1.505741   0.68684137 0.         0.8549437
  0.         1.6297251  0.         0.         0.         0.
  0.         0.         0.         2.5877764  2.0832353  0.
  0.         0.         0.         0.         0.         0.
  0.         0.         0.         0.         0.         0.
  0.         0.         0.         0.         1.9400495  0.
  0.5203236  0.         2.3767447  0.         2.3356454  0.
  0.         2.5570672  1.4834388  0.         0.         0.
  0.         0.         0.         0.         0.         0.
  0.         0.         0.6220338  0.         1.4025072  0.        ]]