[[0.48638862 0.         0.         0.         0.         0.
  0.         0.         0.         0.         1.1976252  0.32063177
  0.         0.         0.         0.         0.         0.02020787
  0.6260159  0.         0.7006595  0.         0.         0.
  0.         0.         0.         0.         0.1958885  0.46954665
  0.         0.         0.         0.         0.         0.
  0.21156383 0.30580947 0.         0.03777998 0.         0.
  0.         0.8497752  0.         0.0768436  0.         0.
  0.7061298  0.         0.         0.         0.         0.
  0.64824235 0.         0.         0.         0.3317453  0.27088624
  0.         0.         0.         0.         0.252266   0.
  0.         0.5174129  0.         0.         0.         0.
  0.         0.         0.02178303 0.         0.         0.
  0.         0.         0.         0.         0.         0.
  0.         0.         0.         0.         0.         0.
  0.         0.         0.         0.         0.         0.
  0.         0.         0.         1.5716488  0.         0.
  0.         0.         0.         0.         0.         0.
  0.         0.         0.         0.         0.7262107  0.
  0.         0.         0.         0.30422243 0.         0.
  0.         0.         0.10153519 0.08113179 0.         0.
  0.         0.         0.         0.100885   0.9175908  0.
  0.         0.2826649  0.3676109  0.         0.46198827 0.18585612
  0.         0.74461704 0.         0.         0.         0.
  0.         0.         0.         0.         0.         0.
  0.         0.         0.3166158  0.20934981 0.11229067 0.        ]]