[[0.         0.         0.         0.32597065 0.         0.
  0.         0.         0.         0.         0.         0.
  0.         0.         0.         0.         0.         0.
  0.42070854 0.         0.         0.         0.         0.
  0.         0.04455599 0.         1.3510542  0.         0.24472101
  0.         0.         2.098023   0.         0.         0.25461414
  0.6484308  0.         0.         0.         0.02723145 0.
  0.         0.         0.         0.14205416 0.         0.
  0.         0.         0.         0.         0.         0.
  0.21881978 0.10076922 0.         1.548405   0.2086288  0.
  0.         0.         0.7946408  0.50095147 0.5512226  0.
  0.         0.         0.88120556 0.         0.         0.9132843
  0.         0.         0.         0.41911095 0.         2.1836593
  0.         0.         0.38992712 0.9782269  0.         0.
  0.         1.7781543  0.         0.62075895 0.         0.
  1.0424347  0.         0.         0.         0.         0.
  3.656845   0.08843683 0.363502   2.9029572  0.         0.41014758
  0.         0.69495314 0.         0.         0.         0.
  0.         0.         0.         0.         0.         0.
  0.         0.         0.         0.89258546 0.         0.
  0.         0.         0.         0.         0.         0.
  0.         0.         0.47771573 0.16647322 0.         0.
  0.         1.8193948  0.         0.         0.39527246 0.23035476
  0.         0.         1.1132216  0.         0.         0.
  0.         1.4303657  0.         0.         0.80679184 0.
  0.         0.         0.         2.0652366  0.         0.        ]]