[[0.         0.         0.         0.         0.         0.
  0.         0.         0.         0.         0.02317248 0.
  0.         0.         0.2458043  0.         0.         0.
  0.38213354 0.         1.4302038  0.         0.         0.
  0.         0.         0.         0.         0.         1.5362841
  0.         0.         2.1256857  0.         3.1968608  0.
  0.         0.         0.         0.         0.         0.
  0.         0.40829426 0.         0.         0.         0.1562231
  0.         0.         0.         0.         0.         0.
  2.7149913  0.         0.         0.         0.         0.
  1.1466033  0.         0.         0.         0.         0.
  0.         0.         0.         0.         0.         2.0405486
  0.         0.         0.         0.         0.         1.3739765
  0.         0.         0.         0.         0.         0.
  0.         2.2341373  0.         0.         0.         0.
  0.         0.         0.         0.         0.         0.
  0.659147   0.85921    2.4449809  0.98078835 0.         0.44303316
  0.         2.1804225  0.         0.         0.         0.
  0.         0.         0.         2.0874112  1.9354019  0.
  0.         0.         0.         0.         0.         0.
  0.         0.         0.         0.         0.         0.
  0.         0.         0.         0.         0.7661164  0.
  0.5077595  0.71164036 1.6201977  0.         2.77146    0.
  0.         0.86306566 1.5140222  0.         0.         0.
  0.         0.         0.         0.         0.         0.
  0.         0.         0.02885326 0.         0.22760488 0.        ]]