[[0.         0.         0.         0.         0.         0.
  0.         0.         0.         0.         1.1139622  0.
  0.         0.         0.         0.         0.         0.
  0.         0.         1.0631865  0.         0.         0.
  0.         0.         0.         0.         0.         1.1029633
  0.         0.         1.496966   0.         1.4115148  0.
  0.         0.         0.         0.20087743 0.         0.
  0.         1.0468543  0.         0.         0.         0.
  0.         0.         0.         0.         0.         0.
  1.4254766  0.         0.         0.         0.57510334 0.
  0.8868334  0.         0.         0.         0.66452974 0.
  0.         0.24078594 0.         0.         0.         0.72916895
  0.         0.         0.         0.         0.         0.44040796
  0.         0.         0.         0.         0.         0.
  0.         0.78266263 0.         0.         0.         0.
  0.         0.         0.         0.         0.         0.
  0.         0.52281153 0.8993998  0.39189318 0.         0.5733834
  0.         0.99927825 0.         0.         0.         0.
  0.         0.         0.         1.6472857  1.3029035  0.
  0.         0.         0.         0.         0.         0.
  0.         0.         0.         0.         0.         0.
  0.         0.         0.         0.         1.2497712  0.
  0.43127242 0.         1.5155932  0.         1.5092998  0.
  0.         1.8071984  0.93804544 0.         0.         0.
  0.         0.         0.         0.         0.         0.
  0.         0.         0.32981727 0.         0.95347506 0.        ]]