[[0.         0.         0.         1.1799827  0.         0.
  0.         0.         0.         0.         0.         0.
  0.         0.         0.15157746 0.         0.         0.
  0.90795565 0.         2.4880896  0.         0.         0.
  0.         0.         0.         0.21141164 0.         2.4712565
  0.         0.         3.0127087  0.         0.82768446 0.
  0.         0.         0.         0.         0.         0.
  0.         0.71062875 0.         0.         0.         0.
  0.         0.         0.         0.         0.         0.
  1.6904424  0.         0.         0.         0.         0.
  1.4429891  0.         0.         0.         0.         0.
  0.         0.7384533  0.         0.         0.         1.836865
  0.         0.         0.         0.         0.         1.1718122
  0.         0.         0.         0.         0.         0.
  0.         3.1764257  0.         0.         0.         0.
  0.         0.         0.         0.         0.         0.
  2.0914266  1.1976229  2.4922376  3.8343596  0.         1.2538257
  0.         2.1669638  0.         0.         0.         0.
  0.         0.         0.         1.2279369  2.3729084  0.
  0.         0.         0.         0.         0.         0.
  0.         0.         0.         0.         0.         0.
  0.         0.         0.         0.         1.130667   0.
  0.         1.4745476  0.7760231  0.         3.7953722  0.
  0.         0.         3.308207   0.         0.         0.
  0.         0.         0.         0.         0.         0.
  0.         0.         1.6288586  0.         1.1971606  0.        ]]