[[0.7073757  0.         0.         0.         0.         0.
  0.         0.         0.         0.         1.6431961  0.28425032
  0.         0.         0.         0.         0.         0.
  0.9653406  0.         0.3712551  0.         0.28851667 0.
  0.         0.         0.         0.         0.06249395 0.
  0.         0.         0.         0.         0.         0.
  1.4189829  1.4503378  0.         0.         0.13540688 0.
  0.         0.8684706  0.         0.         0.         0.
  0.35116386 0.         0.         0.         0.         0.
  1.2548536  0.         0.         0.         1.1058755  0.
  0.         0.         0.         0.19233295 0.98733646 0.
  0.         0.06568323 0.         0.         0.         0.
  0.         0.         0.         0.         0.         0.
  0.         0.         0.         0.         0.20473257 0.
  0.         0.         0.         0.         0.         0.
  0.         0.         0.         0.         0.         0.
  0.         0.         0.         0.34359357 0.         0.
  0.16244318 0.         0.0219835  0.         0.         0.
  0.         0.         0.         0.         0.05905992 0.
  0.         0.         0.         0.         0.         0.
  0.         0.         0.         0.15539305 0.         0.
  0.         0.         0.         0.         0.83580714 0.
  0.         0.         0.7549596  0.         0.         0.79417706
  0.         1.767208   0.         0.         0.         0.
  0.         0.         0.         0.         0.         0.
  0.         0.         0.         0.42030993 0.         0.        ]]