[[0.         0.         0.         0.         0.         0.
  0.         0.         0.         0.         0.         0.
  0.         0.         0.07938702 0.         0.         0.
  0.04280205 0.         0.7728641  0.         0.         0.
  0.         0.         0.         0.         0.         1.4292123
  0.         0.         2.7104275  0.         4.8416615  0.
  0.         0.         0.         0.         0.         0.
  0.         0.21022032 0.         0.         0.         0.
  0.         0.         0.         0.         0.         0.
  3.4047952  0.         0.         0.         0.         0.
  1.305933   0.         0.         0.         0.         0.
  0.         0.         0.         0.         0.         2.4517684
  0.         0.         0.         0.         0.         2.1914706
  0.         0.         0.         0.         0.         0.
  0.         3.8186169  0.         0.         0.         0.
  0.         0.         0.         0.         0.         0.
  1.2196511  1.3733478  3.6624062  1.092346   0.         0.60650116
  0.         3.4614165  0.         0.         0.         0.
  0.         0.         0.         1.7278249  1.5213045  0.
  0.         0.         0.         0.         0.         0.
  0.         0.         0.         0.         0.         0.
  0.         0.         0.         0.         0.         0.
  1.9187918  0.6580982  1.4063092  0.         3.3799684  0.
  0.         0.44156173 2.025905   0.         0.         0.
  0.         0.         0.         0.         0.         0.
  0.         0.         0.         0.         0.         0.        ]]