[[0.         0.         0.         0.         0.         0.
  0.         0.         0.         0.         1.8575591  0.38364342
  0.         0.         0.         0.         0.         0.
  0.58162093 0.         1.3932137  0.         0.         0.
  0.         0.         0.         0.         0.         0.19792286
  0.         0.         0.4348078  0.         0.35545346 0.
  0.18838412 0.5497632  0.         0.         0.         0.
  0.         2.3475025  0.         0.         0.         0.
  0.39121947 0.         0.         0.         0.         0.
  1.4424161  0.         0.         0.         1.4547607  0.
  0.6293692  0.         0.         0.         1.6022968  0.
  0.         0.13069387 0.         0.         0.         0.5003813
  0.         0.         0.         0.         0.         0.
  0.         0.         0.         0.         0.18747053 0.
  0.         0.         0.         0.         0.         0.
  0.         0.         0.         0.         0.         0.
  0.         0.         0.         0.4437711  0.04829616 0.33837754
  0.         0.         0.         0.         0.         0.
  0.         0.         0.         1.1575509  1.0855114  0.
  0.         0.         0.         0.         0.         0.
  0.         0.         0.         0.         0.         0.
  0.         0.         0.         0.25598228 1.723419   0.
  0.         0.65651304 1.3121318  0.         1.2373558  0.
  0.         2.2959137  0.         0.         0.         0.
  0.         0.         0.04139869 0.         0.         0.
  0.         0.         0.5761355  0.         0.73361474 0.        ]]