[[0.         0.         0.         0.         0.         0.
  0.         0.         0.         0.         0.68075085 0.
  0.         0.         0.         0.         0.         0.
  0.         0.         0.         0.         0.         0.
  0.         0.         0.         0.         0.         0.
  0.00675841 0.         0.2866639  0.         1.8429517  0.
  0.         0.         0.         0.12850162 0.         0.
  0.         1.1799515  0.05647746 0.         0.18604265 0.
  0.         0.         0.         0.         0.         0.
  0.74761003 0.         0.         0.         1.1114404  0.
  0.6783647  0.         0.         0.         0.83001167 0.
  0.         0.         0.         0.         0.         0.23542333
  0.         0.         0.         0.         0.         0.
  0.         0.         0.         0.         0.         0.
  0.40917912 0.11229001 0.         0.         0.         0.
  0.         0.         0.         0.         0.         0.
  0.         0.4012708  0.12058286 0.         0.         0.530214
  0.18147267 0.7263333  0.         0.         0.         0.
  0.         0.         0.         0.5325912  0.1198284  0.
  0.         0.         0.         0.         0.         0.
  0.46745357 0.         0.         0.         0.         0.
  0.         0.         0.05483719 0.         0.3407315  0.
  1.2673985  0.         1.1940671  0.         0.3632959  0.
  0.         1.8519412  0.26924074 0.         0.         0.
  0.         0.         0.         0.         0.         0.
  0.         0.         0.         0.         0.3549437  0.        ]]