[[0.         0.         0.         0.         0.         0.
  0.         0.         0.         0.         0.33784223 0.
  0.         0.         0.         0.         0.         0.
  0.         0.         0.         0.         0.         0.
  0.         0.         0.         0.         0.         0.33107328
  0.         0.         0.58567446 0.         1.5813453  0.
  0.         0.         0.         0.10036936 0.         0.
  0.         0.794603   0.         0.         0.23656417 0.
  0.         0.         0.         0.         0.         0.
  0.5903242  0.         0.         0.         0.74701935 0.
  0.6281453  0.         0.         0.         0.5563781  0.
  0.         0.20258716 0.         0.         0.         0.33000985
  0.         0.         0.         0.         0.         0.00847123
  0.         0.         0.         0.         0.         0.
  0.2690871  0.57980144 0.         0.         0.         0.
  0.         0.         0.         0.         0.         0.
  0.         0.42564398 0.49470255 0.         0.         0.57285756
  0.05759483 0.826684   0.         0.         0.         0.
  0.         0.         0.         0.77985704 0.37022886 0.
  0.         0.         0.         0.         0.         0.
  0.2495006  0.         0.         0.         0.         0.
  0.         0.         0.         0.         0.20587121 0.
  0.97904706 0.         0.86201066 0.         0.66348565 0.
  0.         1.1514184  0.58449364 0.         0.         0.
  0.         0.         0.         0.         0.         0.
  0.         0.         0.         0.         0.2808084  0.        ]]