[[2.3973849e+00 0.0000000e+00 0.0000000e+00 0.0000000e+00 0.0000000e+00
  0.0000000e+00 3.7377560e-01 2.8963861e+00 1.4947628e+00 3.0914054e+00
  1.2965837e+00 5.0810039e-01 2.5971666e-01 2.2535660e+00 1.2150437e+00
  2.1447723e+00 5.4340142e-01 2.6538210e+00 2.0861454e+00 2.2260206e+00
  1.4076694e+00 0.0000000e+00 2.4126935e+00 0.0000000e+00 1.0159638e+00
  2.0141973e+00 1.3350216e+00 7.1428098e-02 3.6276290e-01 2.5213647e+00
  3.1675234e+00 1.5303795e+00 7.5860465e-01 2.2166693e+00 5.6819975e-01
  3.0156147e-01 4.4733853e+00 2.4174359e+00 1.9811264e+00 4.8256836e+00
  1.3772238e+00 4.1817352e-03 0.0000000e+00 0.0000000e+00 4.0646958e+00
  2.8753722e+00 1.6659977e+00 0.0000000e+00 0.0000000e+00 0.0000000e+00
  2.5752683e+00 0.0000000e+00 1.4535317e+00 2.9404082e+00 1.1511384e+00
  0.0000000e+00]]