[[0.6443969  2.6627138  1.5383499  1.9791939  0.         3.4403648
  3.833088   0.9607928  0.40937796 0.         1.103832   4.10766
  0.         1.7573454  2.510471   0.5261902  2.598245   0.
  0.6724762  2.510369   2.7753215  0.0680972  2.8499148  0.
  0.39494714 3.1737342  0.6852131  2.3669388  0.07500268 3.284525
  0.         0.         0.95514023 0.6940081  1.2895433  0.64490664
  1.5734069  0.         0.9631494  1.7464983  0.         2.3146405
  0.7341396  2.3515384  0.         1.8590229  2.052941   0.
  4.5066676  0.76014286 1.1720035  1.0722172  2.8122678  1.0865496
  0.         0.         3.675353   1.7130564  3.2753212  0.4676465
  0.71696746 0.07291924 0.5258268  0.53474635 0.         1.0877393
  0.         1.804057   1.4926889  3.5492284  0.8506083  0.39207444
  0.29183227 0.         1.4708204  1.6368634  3.231732   1.6708068 ]]