[[0.72347903 2.4481356  2.91809    0.         0.4642862  2.0618763
  1.0224743  0.         1.4987805  3.2777038  0.8218025  0.7260624
  0.         0.8633829  0.863998   0.73995674 0.38035536 0.
  0.56091857 1.172621   0.0499828  0.         3.0490296  0.
  2.4527323  0.10736062 1.2123929  2.1928132  0.17202014 1.685245
  0.         0.         2.0609477  1.7129585  1.0821688  0.38393557
  4.704715   0.         3.1876638  0.46333498 0.         0.51590466
  1.4398011  0.         1.22638    0.86502355 0.03743466 1.7434376
  3.033379   0.82932836 0.614204   1.012859   1.1062033  2.0052183
  0.82665384 0.         1.5211507  0.5706294  2.416922   0.37806597
  1.4050833  1.0212668  0.7205158  1.9547745  1.5848433  2.414331
  0.         1.2982186  1.3006492  2.0035574  2.202606   0.25975606
  0.40475982 0.         3.4133978  1.8620491  0.27001888 4.1402287 ]]