[[0.0000000e+00 1.6462409e+00 3.9521499e+00 1.3377094e+00 1.3257989e+00
  1.9977376e+00 2.6371055e+00 1.9289590e-03 3.8972027e+00 2.9232104e+00
  1.0912851e+00 4.6158695e-01 1.9159532e-01 0.0000000e+00 1.6885548e+00
  2.6345382e+00 2.3531296e+00 1.5673573e-01 9.7799850e-01 2.7099743e+00
  8.9411676e-01 2.7660221e-01 4.8159800e+00 8.7837511e-01 1.3423026e+00
  2.8439908e+00 6.9842446e-01 1.0790861e+00 2.5286288e+00 1.4177400e-01
  6.8528011e-02 2.8590918e-01 1.2001179e+00 1.0595679e+00 3.9404151e+00
  0.0000000e+00 1.7759026e+00 0.0000000e+00 5.1841111e+00 8.3927208e-01
  2.3729083e-01 2.6233716e+00 8.4229589e-02 6.8515551e-01 1.0863575e+00
  1.5080293e+00 1.8727509e+00 2.6419415e+00 2.4511163e+00 0.0000000e+00
  0.0000000e+00 1.8512206e+00 2.0322328e+00 3.8426742e-01 1.5196959e+00
  0.0000000e+00 3.9065269e-01 1.4397953e+00 8.2854486e-01 0.0000000e+00
  3.4322927e+00 6.6639930e-01 8.3122939e-01 1.3368579e+00 4.8762292e-01
  0.0000000e+00 0.0000000e+00 0.0000000e+00 2.0836344e+00 0.0000000e+00
  3.3933563e+00 1.3046376e+00 0.0000000e+00 1.1223783e+00 2.8907828e+00
  1.4044570e+00 1.3153354e+00 2.9395394e+00]]