[[4.4560991e-04 9.3472362e-01 5.5312908e-01 4.3815404e-01 3.6123347e-01
  4.2629763e-01 2.1355529e+00 1.8358185e+00 1.1161516e+00 1.6765053e+00
  1.9241368e+00 1.8412911e+00 1.2384245e+00 2.3865318e-01 2.2194505e+00
  2.8110716e+00 2.4051781e+00 4.2295319e-01 1.9018024e+00 2.6033034e+00
  1.3528754e+00 0.0000000e+00 2.2651103e+00 8.2248080e-01 1.9022008e+00
  2.3317499e+00 6.4654720e-01 1.3341113e+00 7.2396225e-01 8.8427573e-01
  1.5044093e+00 3.2536739e-01 7.7171862e-01 1.6580846e+00 3.7956579e+00
  0.0000000e+00 4.1217372e-01 0.0000000e+00 2.6295509e+00 1.7505989e+00
  1.7730236e-01 1.1677696e+00 0.0000000e+00 6.3364613e-01 9.6501398e-01
  8.3689493e-01 1.2902446e+00 1.5296561e+00 1.8776385e+00 0.0000000e+00
  0.0000000e+00 8.0926085e-01 1.8048241e+00 6.2284327e-01 2.0872369e+00
  0.0000000e+00 0.0000000e+00 9.1289049e-01 3.6853135e-02 0.0000000e+00
  7.8185773e-01 2.9599234e-01 1.9188497e+00 1.2653812e+00 0.0000000e+00
  0.0000000e+00 1.5261580e-01 3.0218363e-03 1.8158448e+00 1.1001106e-01
  7.6979643e-01 1.0198058e+00 0.0000000e+00 1.7042893e+00 1.4576212e+00
  1.2362143e+00 2.6571589e+00 9.0227622e-01]]