[[0.         1.3295537  2.261523   1.6083299  0.5933875  1.85824
  1.6388882  4.10024    3.0043721  1.5339955  2.1791098  1.855694
  0.558387   0.         3.019543   3.5271332  2.831075   0.50422627
  2.2705824  1.9525198  1.6058501  0.6897106  0.77139413 1.4443136
  0.90546453 2.2242112  0.30619997 1.2447759  0.900182   0.5106463
  2.6285615  0.9759661  0.20861162 0.74938256 2.569352   0.
  1.5015934  0.         3.164947   1.8442355  0.94724977 0.8812061
  0.         0.8211144  2.0691757  0.502189   2.368078   2.6511998
  3.0765321  0.         0.         0.50439054 1.6694883  1.2534084
  1.8574513  0.5654374  0.         1.2160718  0.         0.
  3.015455   0.02011483 2.5512433  1.7918221  0.         0.
  0.05855142 0.         1.801563   0.         0.6742682  0.43468463
  0.         1.5224793  2.0807886  1.044483   1.4185976  1.7332768 ]]