[[0.         1.8281126  1.724567   2.881609   0.5678239  2.0742378
  1.8558028  4.3161993  2.1774194  0.1727744  1.0250728  1.5555972
  0.6099312  0.         1.7924776  2.5649385  2.1390784  0.43304616
  0.86383444 2.3463292  1.9611787  0.6461172  0.35540584 2.2357352
  0.7263717  1.8718113  0.27408284 0.75693256 2.6048238  0.7588213
  2.187022   1.3809105  0.05868416 0.         2.7415495  0.
  0.9542519  0.         2.0295165  1.5058402  0.46933454 1.956892
  0.         2.3073714  1.8238181  0.45382255 3.841356   1.7742542
  2.1530578  0.         0.         1.2317955  0.6921601  0.9026941
  1.644689   0.9424525  0.         1.710918   0.         0.
  2.963262   0.         2.4443028  2.1888416  0.         0.
  0.5379008  0.         1.4748881  0.         0.97320014 0.49285826
  0.         0.2597986  1.3783627  0.6758523  0.4309854  1.7575809 ]]