[[0.         1.0311748  1.4255387  1.1446067  1.7207514  1.557193
  0.62428725 3.0891578  2.141722   0.68271756 1.6169617  1.3850632
  0.16798156 0.         0.8426886  1.6494769  2.5243115  0.78770673
  1.186665   2.0576684  1.3900319  0.6074679  0.6182359  1.1121198
  0.41239265 1.9300873  0.19558635 1.1117426  1.0106409  0.44472498
  2.5813823  1.059994   0.         0.43156695 1.948046   0.
  0.6243907  0.         1.7333658  0.90597385 0.28197432 1.7019445
  0.         0.41628158 1.174366   0.14959638 2.4076574  2.0757694
  1.9762609  0.         0.         1.1053926  1.3671656  0.3569675
  1.9610032  0.85468185 0.         0.8533827  0.         0.
  2.6363685  0.         2.2649412  0.94407016 0.         0.
  0.35178274 0.         0.6573104  0.         0.8823988  0.70170695
  0.         1.1299986  1.8732773  1.1671698  0.7457251  1.27749   ]]