[[0.         0.         0.3030187  1.7090253  1.2033546  0.
  1.7179415  1.1272488  0.12163581 0.         1.2037911  0.
  1.5856864  0.11592854 0.20958292 3.8489757  0.76443344 2.0983934
  0.7748289  2.1245203  0.97374886 3.7685888  0.         0.84603643
  0.         0.08582184 0.84793293 0.         0.81769913 0.9819053
  1.5988319  0.18749826 0.360477   0.31396633 1.1267751  0.9814936
  0.         2.800046   0.         3.2464726  2.5378237  1.2754302
  0.9800639  0.88337004 1.0925652  0.         0.         0.
  0.85908437 4.9737372  0.         2.398632   0.         0.
  1.4441427  2.2851102  0.         3.6080058  0.3124987  0.07458322
  1.1595278  1.2888424  0.         2.6635678  0.80193675 0.44681147
  3.6131427  0.         0.         0.         0.         1.8490493
  0.         2.1981084  1.4254131  0.2269856  0.         0.        ]]