[[0.         0.9989062  1.1353141  1.0783468  0.39773765 1.5818565
  2.139162   2.5757415  1.3239565  0.14501885 2.2188616  1.5799584
  1.2492107  0.1463696  1.9092388  1.3662046  2.4766228  0.2366798
  1.352093   1.2046651  2.2887254  0.911661   0.92978203 1.0163397
  0.8789611  2.6702318  0.7655946  0.91730446 2.1481247  0.5566569
  2.6692584  1.9214207  0.08079411 0.29021254 2.0604424  0.
  0.36458036 0.         1.1910126  1.850095   0.47675234 0.9041993
  0.         1.3980302  2.7076817  0.         2.6087885  1.1839277
  0.7242256  0.         0.         1.2341121  0.5912827  0.02586165
  1.4297713  0.9457455  0.         1.5314178  0.         0.
  1.9948366  0.19688827 3.7582028  1.2348831  0.         0.
  1.0408969  0.         0.52159953 0.         0.8339582  0.6517745
  0.         0.06153895 1.3840402  1.1064854  2.32908    1.6441717 ]]