[[2.0131438  0.98339164 0.         0.         0.         0.26179308
  0.         0.         0.         1.6509911  0.         0.
  0.         0.7738741  0.         0.         0.         0.
  1.6795377  0.         0.         0.         2.7693877  0.
  1.8537176  0.188611   1.003153   1.6886895  0.         1.8572102
  0.         0.         1.2321162  1.6204188  0.         1.8076984
  0.4161453  0.         1.4172261  0.         0.         0.16691953
  0.37550592 0.         0.         1.465611   0.         0.
  0.05022732 1.334595   2.3032818  0.         2.2916207  1.0701939
  0.         0.         2.7720964  0.83639556 2.0531654  2.4983847
  0.         1.9500394  0.         0.63929147 3.665143   5.238065
  0.         5.012013   1.9380469  1.9882689  0.4219225  0.
  3.4754283  0.         1.2238436  2.842046   0.         3.081005  ]]