[[1.0206083  1.0813706  0.3153956  0.         0.         0.05764619
  0.         0.         0.         2.5760627  0.         0.05724172
  0.         1.4892571  0.         0.         0.         0.
  1.4823642  0.         0.         0.         1.4785072  0.
  1.4050283  0.         0.19784287 1.8364608  0.         0.92383856
  0.         0.         1.8744905  0.9541643  0.         1.1585678
  1.1569458  0.         1.3945141  0.         0.         0.15118872
  1.2081792  0.         0.         1.3861644  0.         0.
  0.3673606  1.1762997  2.8290389  0.         2.4635904  1.7810855
  0.         0.         3.230155   0.5362932  2.9416595  2.2875712
  0.         2.3284614  0.         0.9144175  3.3022897  4.2539682
  0.         4.4159145  1.1277652  1.8198043  1.1850392  0.
  2.1937664  0.         1.1823773  3.6586077  0.         1.8780972 ]]