[[0.09850816 2.5188565  3.1925614  1.2381896  0.70757186 1.2717341
  2.4416153  1.2522414  1.5426376  3.6176767  1.6238344  2.934533
  0.1368295  0.07692325 2.7160556  2.1123238  2.8583574  0.1956641
  2.1525815  2.2228434  0.40577346 0.         1.0445416  0.2720549
  2.2955074  1.8064795  0.         2.8843734  0.96632886 1.0888107
  0.34477597 0.         1.4024346  1.6720209  2.3757412  0.
  3.2676263  0.         3.0569441  1.5870752  1.6959786  1.1827554
  0.04756729 0.18190137 1.1818664  1.4449005  0.4341147  2.6468725
  4.715706   0.         0.         0.4371723  3.1655843  1.906813
  0.686174   0.         1.0593364  1.4366804  0.90090954 0.
  1.4439598  0.02178522 2.190954   1.8680302  0.         0.
  0.         0.20045751 0.8377994  0.4247509  2.492393   0.26718214
  0.         2.2484398  2.201042   1.8895229  2.1512399  2.6679363 ]]