[[3.5614228  1.8722131  0.5845829  0.         0.         2.3071094
  0.29231825 0.         0.         0.06933709 1.0873258  0.85226625
  0.         0.68877465 0.78778684 0.         0.         0.
  0.28184536 0.64024395 0.64606756 0.         3.381297   0.
  0.55676323 0.27334878 0.9262352  0.09648912 0.         1.6004916
  0.         0.         1.3118255  2.5955033  0.         1.0366374
  0.913803   0.         1.303761   0.         0.         0.6368683
  1.8094109  0.09119236 0.         1.2284693  0.12257223 0.
  0.679541   0.17952839 3.108674   0.19969757 2.8208127  1.7698854
  0.         0.         3.8612347  1.4126878  2.3666005  0.04346486
  0.9459346  0.9692508  0.         0.27186865 1.7047794  4.0586967
  0.         2.64682    2.1763973  2.6319993  1.7204275  0.43119255
  0.9273972  0.         1.0798038  1.4021848  0.85196763 3.794809  ]]