[[0.         0.49943846 0.55028903 1.8708726  2.494598   2.0043697
  0.95381284 1.1625125  0.8069106  0.13031217 0.6492034  0.23039527
  1.6730769  0.48780623 1.4961483  1.2125162  1.545458   2.4504864
  0.96302617 2.4119825  1.2821916  1.5876659  0.         2.869654
  0.         0.9734413  1.8777413  0.         2.5072286  0.4156427
  1.045012   2.0162687  0.         0.         1.5523174  0.
  0.4390829  3.1460013  0.88349295 1.0881813  1.2520031  1.6073251
  1.7564951  2.8778083  0.7762705  0.         2.1278176  0.
  1.2169924  0.12990856 0.         2.4145913  0.         0.
  1.994028   0.8400248  0.         2.3819244  0.         1.2932894
  0.8392314  0.6623816  1.2957332  1.7625881  0.         0.
  1.9559063  0.86065    0.         0.         0.89060205 1.3891559
  0.         0.9546628  1.4031947  0.         1.0024288  0.39962628]]