[[0.01531256 0.         0.09703095 0.22858733 1.9353478  0.
  0.75709593 0.         0.37645847 0.         0.95460296 0.
  1.0074365  1.1130513  0.2229026  1.1716802  0.0306626  1.4674602
  0.04121175 0.5086214  0.30343473 1.2234218  0.         1.2860104
  0.04508229 0.3076954  0.8328686  0.         1.2405584  1.3754318
  1.4217962  1.5855997  0.         0.0097993  0.7980483  0.
  0.         0.61698276 0.         1.0628587  1.2885586  0.96061236
  0.         1.4474298  0.72605944 0.         0.         0.
  0.         0.8535661  0.         1.4796146  0.         0.03019944
  1.0645446  1.1818498  0.         0.74138486 0.         1.1494583
  0.         0.         0.         0.6840758  0.66000605 1.1616441
  1.6815858  0.4773031  0.         0.         0.         1.0030845
  0.         1.0183328  0.9083784  0.         0.6906017  0.        ]]