[[1.4233301  2.2765698  0.75238764 0.9232677  0.         2.6826591
  1.0897113  0.         0.         0.1136541  0.4357443  2.1173897
  0.         0.8347959  1.242833   0.08471863 0.         0.
  0.27987155 1.2378166  1.9984471  0.         1.8630344  0.
  1.7665339  0.92550486 0.6853527  1.7601675  0.         3.133933
  0.         0.         1.2017089  0.60368866 0.35503355 0.71497387
  2.2176714  0.         1.1045914  0.46150798 0.         1.4586593
  1.2215252  0.5511569  0.         1.7321128  0.         0.
  3.3379035  1.1458097  1.9924212  0.47750872 1.8879015  2.7034807
  0.         0.         4.0107045  1.4346483  3.4464715  0.4208778
  0.64828956 0.6007995  0.0120359  0.         1.0105312  3.8552618
  0.         2.485044   0.37165558 3.655223   1.1758825  0.4543556
  0.         0.         1.6333385  2.390821   1.867712   2.383781  ]]