[[2.1423388  2.5452943  1.5301325  0.93340707 0.         4.1101623
  0.9873346  0.         0.00869859 0.07924824 1.173331   2.2899542
  0.         0.87168604 1.8561423  0.48973045 0.7624751  0.
  0.         1.8483869  2.2046812  0.         2.3628237  0.
  1.0515627  1.7372864  0.904629   1.9982204  0.8338914  2.1401124
  0.         0.         0.7845653  1.0819578  0.70744187 0.53768516
  1.1338174  0.         2.373971   1.7027192  0.         2.8969684
  2.250828   1.2385788  0.         2.9703114  0.         0.
  2.1957843  1.2875965  1.876626   1.0739686  2.472314   2.0359735
  0.         0.         4.06097    1.0338225  4.009755   0.
  0.9530515  0.7640066  0.05105182 0.         0.66437095 3.1504936
  0.         0.4861071  0.87444156 4.6160784  1.495664   0.3925377
  0.         0.         0.78383034 1.6533315  2.2440667  2.3383071 ]]