[[0.         0.4437091  0.8225045  1.5449278  2.088573   1.480043
  1.4431678  0.58679414 0.31512886 0.7849822  1.6354316  0.
  1.3696051  0.7368614  1.4346086  1.8101981  1.8337777  3.4108224
  1.1325948  3.2828393  1.310996   1.6870158  0.         3.9560442
  0.         1.5436559  1.117682   0.         2.5140507  0.
  1.5136801  2.4629579  0.         0.         1.9700383  0.
  0.21623614 4.504535   1.5357388  2.0462556  0.8188947  1.4762737
  1.3034661  1.8510162  0.8277841  0.         1.9531581  0.04166266
  1.806973   2.332279   0.         3.7737153  0.         0.
  1.8038024  0.9025099  0.         2.281521   0.         1.3723519
  0.55972916 2.1165075  2.5044103  2.5317044  0.         0.04389735
  2.004273   0.2628855  0.         0.         0.51718795 2.6864839
  0.         1.9307106  0.5802806  0.         0.79149735 0.41457483]]