[[0.0000000e+00 3.8401924e-02 1.8760806e+00 3.3069730e+00 2.1004915e+00
  1.6369880e+00 2.1491413e+00 1.6499345e+00 5.3973000e-02 1.6433695e-01
  1.0601724e+00 5.5262715e-01 2.7438741e+00 8.4446377e-01 8.4545541e-01
  7.2510970e-01 1.0969788e-03 1.5028371e+00 1.1748012e+00 1.8273112e+00
  7.6415402e-01 2.1069820e+00 0.0000000e+00 1.2993360e+00 1.2441405e-01
  1.1567670e+00 2.6002564e+00 5.8633525e-02 1.7025346e+00 2.7078283e-01
  1.8855257e+00 1.4796933e+00 0.0000000e+00 0.0000000e+00 5.9873754e-01
  0.0000000e+00 0.0000000e+00 2.5196996e+00 1.0825773e+00 1.0630451e+00
  3.1779583e+00 1.6483523e+00 1.6782968e+00 3.3242409e+00 2.3183784e+00
  0.0000000e+00 1.7888994e+00 3.2329434e-01 2.2161994e+00 3.6535627e-01
  1.8512043e-01 3.0654182e+00 0.0000000e+00 0.0000000e+00 2.3452032e+00
  1.7566327e+00 0.0000000e+00 3.7630134e+00 0.0000000e+00 1.1188700e+00
  3.0158377e+00 8.4343934e-01 2.2374942e+00 3.4861436e+00 0.0000000e+00
  0.0000000e+00 1.6088507e+00 0.0000000e+00 0.0000000e+00 2.3014775e-01
  1.2197876e+00 5.4366881e-01 0.0000000e+00 2.1334913e+00 1.5169840e+00
  1.4685936e-02 2.2577224e+00 1.0234069e+00]]