[[0.         0.548575   2.0057929  2.0601912  0.37701836 2.1176686
  2.038542   3.4358642  1.4668753  1.2233808  1.7878995  1.8359066
  0.868316   0.         2.0719025  3.0842452  1.557467   0.
  1.511902   1.2650188  1.3484286  1.4038547  0.30239657 0.57501
  1.5243374  1.3991889  0.55699974 0.5877544  1.4917464  0.66997534
  3.110007   1.4262695  0.         1.1019344  3.7688262  0.
  0.7426516  0.         2.0393624  1.9350574  1.6228298  1.3742443
  0.         0.7341211  2.359901   0.13455026 2.0651696  1.2774631
  2.2704067  0.         0.         1.2016797  0.95428884 0.5010498
  1.0839217  1.177233   0.         1.7627796  0.         0.
  2.7987943  0.         1.7643993  1.7587427  0.         0.
  1.2445792  0.         1.6276283  0.         0.3013516  0.39182416
  0.         0.4179961  1.7460089  0.35391834 0.7566722  1.2430423 ]]