[[0.         0.44294772 0.76021254 1.4112283  0.9109746  1.2588176
  1.896397   2.7510986  1.5977842  0.22486845 0.9260858  0.6277556
  0.47912496 0.06521467 1.130961   2.1771739  0.7536971  0.6173774
  0.8157781  2.2331722  1.0367559  1.2931952  0.3309439  0.8939442
  0.608472   1.2345191  0.         0.3843102  0.9528456  0.
  2.7900422  0.77346927 0.         0.14902437 1.200947   0.
  0.69045043 0.         1.783313   1.2225862  0.7034938  1.2609118
  0.         1.2895936  0.7894099  0.29550415 1.8296468  1.1893529
  0.87142074 0.         0.         0.61150134 0.54241425 0.31560296
  1.0385121  0.48617008 0.         0.89222085 0.         0.
  2.0645394  0.16298217 1.5597296  2.226492   0.06903534 0.
  0.43078524 0.         0.04455611 0.         0.69342583 0.712258
  0.         0.22064362 0.965162   0.45433605 0.833694   0.8968462 ]]