[[2.3550692  0.19758359 1.7271271  0.13624838 0.         2.2081208
  5.9683595  0.         0.327142   0.08738076 1.7853324  3.0161338
  1.349819   3.5310247  0.10893207 1.1674738  0.94695836 0.
  0.         2.1852717  2.107749   0.         3.200624   0.36397505
  1.9882271  4.2018995  0.6866981  2.6498232  0.6907928  5.378125
  0.         0.         2.3079295  0.         1.6922427  1.8430098
  1.0480257  0.         0.98591936 1.737755   0.         0.44719416
  1.9971136  2.5599515  0.66549605 2.2762337  1.5696014  0.
  3.111542   1.1065736  2.2390544  1.3684317  0.3949947  1.4586369
  0.         0.         3.228671   2.0756223  2.3412623  0.12405404
  0.         2.0095804  0.7228168  0.5090051  0.         3.3774648
  0.         0.         3.3802478  1.4361074  0.45073676 1.8679564
  0.37441814 0.5175163  2.97394    2.2225416  1.5398828  2.7004595 ]]