[[0.         0.939872   1.5897052  1.6551214  0.48563993 1.1184062
  1.8926584  3.6337273  1.272766   1.0715268  1.4686486  1.3902318
  0.9222527  0.         2.0501494  2.2932653  2.228513   0.16593598
  1.8360666  0.6333068  0.8016615  1.2138122  0.57380795 0.49387246
  1.775256   1.2378051  0.89696634 0.82104015 1.3073764  0.57770175
  2.9547021  1.9021181  0.         1.000622   3.1598594  0.
  0.36425948 0.         1.7082508  1.1952027  1.4352101  1.0287552
  0.         0.42872095 1.9010768  0.27754116 1.8851941  1.894615
  1.0796332  0.         0.         0.52909636 1.255092   0.41191277
  1.500946   0.8400016  0.         1.7170737  0.         0.
  2.300858   0.         1.9211991  0.8629836  0.         0.
  0.5518035  0.         1.4265318  0.         1.0285581  0.5867159
  0.         0.9710557  1.3982422  0.44781113 0.7192955  1.2183608 ]]