[[0.0000000e+00 1.4629468e-01 9.0351087e-01 2.0491014e+00 1.2963600e+00
  1.6586267e+00 1.6277174e+00 1.7645490e+00 1.9008501e-01 4.5279121e-01
  1.7787874e+00 1.3663096e+00 1.0486667e+00 7.7125698e-01 3.5518909e-01
  1.5373608e+00 1.9340055e+00 6.9159871e-01 1.0017395e+00 8.1247240e-01
  1.2757059e+00 8.7034798e-01 3.1802773e-01 0.0000000e+00 5.8874398e-01
  8.9284235e-01 1.6474828e+00 0.0000000e+00 2.9283866e-01 2.5718576e-01
  1.2792268e+00 1.6873039e+00 0.0000000e+00 8.1984299e-01 5.0261813e-01
  0.0000000e+00 1.1069659e+00 2.9354129e+00 3.4911475e-01 7.0062453e-01
  8.8340414e-01 1.0455009e+00 2.7374798e-01 3.4010744e-01 1.0548699e+00
  0.0000000e+00 1.0353639e+00 9.1578454e-02 1.4133610e+00 0.0000000e+00
  0.0000000e+00 2.2461832e+00 2.4120954e-01 0.0000000e+00 1.8436838e+00
  7.9495049e-01 0.0000000e+00 9.9297434e-01 0.0000000e+00 6.2122238e-01
  1.6216806e+00 4.7583856e-02 1.9271841e+00 5.2372634e-01 1.5215294e-01
  0.0000000e+00 1.7269963e+00 5.2256882e-04 1.6392019e-01 1.4719501e-01
  8.4561843e-01 1.2438443e+00 0.0000000e+00 2.7484734e+00 1.5346758e+00
  0.0000000e+00 3.4687942e-01 2.3478702e-01]]