[[2.5674958  0.49239704 0.         0.         0.         0.15391551
  0.         0.         0.         2.0463355  0.         0.
  0.         0.7565595  0.         0.         0.         0.
  0.9115173  0.         0.         0.         1.1781135  0.
  1.980401   0.         0.7181188  1.0729995  0.         1.27485
  0.         0.         1.9008596  1.3431243  0.         1.1148669
  0.44946614 0.         0.71350884 0.         0.         0.
  1.0740616  0.         0.         2.464231   0.         0.
  0.         0.8845615  2.614098   0.         0.91654545 1.195912
  0.         0.         1.8193787  0.59737486 1.7731202  0.61052686
  0.         1.845525   0.         0.7729568  2.2088113  3.6731625
  0.         3.1639037  1.2231629  1.5948142  0.9340905  0.
  1.9228907  0.         0.87472314 2.2158186  0.         1.8912284 ]]