[[2.7400737  0.22074655 0.         0.         0.         0.37882835
  0.         0.         0.         1.9692706  0.         0.09536363
  0.         0.805422   0.         0.         0.         0.
  0.7848262  0.         0.         0.         1.8015108  0.
  2.4293766  0.02031311 0.48934755 0.08475511 0.         0.6983102
  0.         0.         3.2996008  0.35886535 0.         1.4013898
  0.41730997 0.         0.3084219  0.         0.         0.01454315
  1.1241289  0.         0.         1.5261395  0.05004704 0.
  0.07916606 1.5704423  3.1293948  0.         0.81209475 1.6483352
  0.         0.         2.7174554  1.0640527  2.3853524  1.261546
  0.         0.8657338  0.         0.4281745  3.0141506  4.4096804
  0.         3.5061598  0.40090656 0.92572886 0.947697   0.
  1.7968957  0.         0.938911   2.6888268  0.         0.92099637]]