[[0.         1.4576367  1.5816293  1.6931274  1.2746481  2.3390598
  2.2763774  1.3449621  0.3628285  0.         1.0867846  2.3120742
  3.4316015  1.5606524  3.1994672  1.0991731  2.9892232  1.3337892
  0.05814523 1.7885023  2.8700178  0.8646716  2.395648   0.441522
  1.0047016  1.4018148  1.8419808  0.         1.4818785  0.7682925
  0.21673973 1.5029746  0.         1.268563   2.9512718  0.
  2.1588976  2.647161   0.84868366 3.7854803  0.5116486  0.498039
  0.         0.7246411  2.103066   0.         1.3139695  0.44207695
  1.186891   0.         0.06480238 2.2845662  1.085469   0.
  2.7854712  1.9233707  0.         1.6909947  0.00989634 0.
  1.5323476  0.02483945 2.6307676  0.20626724 0.         0.
  3.5692642  0.         1.3517613  0.62819415 0.8048065  1.1226039
  0.         2.917605   2.9385762  0.         2.3545904  1.8810489 ]]