[[0.         1.7293543  0.55686563 1.1127332  1.7737153  1.2447772
  1.2796     1.8481603  1.4638715  0.07996102 0.04569176 0.8089426
  2.9371383  0.30860385 2.0554326  1.0857772  1.8485855  2.2764647
  1.2172593  2.2117703  1.3355252  0.452796   0.51503646 3.1076248
  0.18629843 1.2060477  1.7223494  0.         1.9185333  0.37074718
  1.330867   3.0450046  0.         0.         1.5915103  0.
  1.0187504  1.8982286  2.0080683  2.2186484  0.4768953  0.44002247
  0.62615085 2.5562103  0.9138187  0.         1.5097063  0.5140823
  1.0570005  0.         0.         1.069587   0.840612   0.
  3.4961908  1.4467342  0.         1.7535026  0.         0.6156997
  0.5995095  0.43508536 3.2164404  1.652435   0.2916448  0.
  1.8618515  0.         0.09345192 0.         0.9448523  0.9101016
  0.         2.0945132  0.8479024  0.         3.0507526  1.2219853 ]]