[[0.         0.8359068  1.1436787  1.3640953  1.3957264  1.3932327
  1.2418518  1.5000474  1.4310292  0.         0.7961503  0.90025675
  1.6204444  0.5928059  0.         0.6274209  0.5714628  2.317199
  0.         0.7360297  0.9713169  0.8865539  0.21168008 0.7944324
  0.6853443  0.8681424  2.9707856  0.04413568 1.9158335  1.2921711
  0.41895944 1.9534079  0.         0.         2.3205225  0.
  0.7669034  0.2427151  1.6712902  1.26535    1.2933981  1.8027818
  0.9587129  2.0788984  0.40305334 0.         0.73283786 0.10158774
  0.82917625 0.         0.         0.8447183  0.7777438  0.
  1.76924    0.56155705 0.         1.9120247  0.0173834  0.86432767
  0.6731886  0.         1.3373963  1.2322413  0.06744428 0.
  0.01118608 0.10627398 0.42608333 0.10047045 0.92407405 1.1422019
  0.         2.0335288  1.6586742  0.         1.996765   0.63377273]]