[[0.         0.25123543 0.         0.17680952 3.1157906  0.
  1.2328216  0.4713858  1.280547   0.         0.         0.29021782
  0.8726544  2.2202556  1.0747491  0.713956   0.72317773 2.9515655
  1.1893907  1.1068637  1.3546886  4.8373795  0.         1.3347288
  0.         0.23686934 1.949246   0.         1.990284   0.
  0.7759434  1.7899083  0.         0.         1.2841233  0.
  0.         2.963525   0.         0.53374577 2.1568217  1.606539
  2.7760327  1.8427985  1.7561159  0.         0.         0.
  0.         0.         0.         1.1750542  0.         0.
  2.7532046  2.0841217  0.         0.64070034 0.         2.1410744
  0.40555742 0.         0.         1.6782566  0.3790006  0.
  1.2135988  1.950024   0.         0.         0.00602698 0.9249585
  0.         0.88572496 2.7093344  0.         2.110765   0.        ]]