[[0.         0.51229817 0.03902759 0.         0.         3.1896508
  0.         2.5570643  0.25836378 0.         0.         0.
  1.2315353  4.630825   0.         0.         1.2485657  0.
  2.3659496  0.         0.         0.         0.         0.
  0.         0.30691317 0.         0.         0.         0.
  0.08891792 0.         0.         1.8072582  0.         0.
  0.         0.         0.         0.         0.         0.
  0.         0.         1.5657066  0.         0.         0.
  0.         0.         0.         0.         0.         0.
  0.         1.2022588  0.         0.         0.         0.
  0.         0.         0.         0.         1.218193   0.
  0.         0.         0.         0.         0.832887   0.
  0.         0.         0.12332973 0.29177746 0.         0.        ]]