[[0.         0.02567772 0.         0.         0.         0.
  4.2275414  1.6998637  2.0835276  0.         0.         0.
  2.3685489  2.450144   0.         0.         0.2225194  0.
  0.25590682 0.         1.7188188  1.9524832  1.0453465  0.
  0.         0.         0.         0.         0.         0.
  0.         0.         0.         0.         0.         0.
  0.         0.         0.         0.         1.008089   0.
  0.         0.         0.8905024  0.         0.         0.
  2.441272   0.         0.         0.         0.         3.3900125
  0.         1.7265391  0.         0.         0.         0.
  0.         0.         0.         0.2526117  6.5456233  0.
  0.11922646 0.         0.         0.         0.         0.
  0.         0.         0.         2.2336874  0.         0.        ]]