[[0.         2.3570251  0.06331279 1.0879331  0.         2.3598022
  0.25581282 0.         4.5730133  0.         0.         0.
  5.189736   3.6758568  0.         0.         0.         0.
  0.         0.         3.8662674  0.26551026 0.10940263 0.
  0.         0.         0.         0.         0.22293158 0.
  0.         0.         0.         0.         0.41312957 0.
  0.         0.43450052 0.         0.         0.         0.
  0.         0.         2.0501633  0.         0.         0.
  0.         0.         0.         0.         0.         0.
  0.         0.48453325 0.         2.1243918  0.         0.
  0.         0.         0.         0.         3.999243   0.
  3.677318   0.         0.         0.         0.         0.0129994
  0.         0.         0.         1.8379381  0.         0.        ]]