[[0.         0.3127196  0.         0.         0.         4.5809603
  0.50447696 1.1275395  2.920433   0.         0.81188905 0.
  4.2784324  4.9864287  0.         0.         1.9113203  0.
  1.8641211  0.         2.7567303  0.         0.         0.
  0.         0.62678295 0.         0.         0.9322919  0.
  0.         0.         0.         1.1995192  0.         0.
  0.         0.         0.         0.         0.         0.
  0.         0.         3.1835597  0.         0.         0.
  0.         0.         0.         0.         0.         0.
  0.         0.         0.         0.         0.         0.
  0.         0.         0.         0.         4.815424   0.
  0.81298584 0.         0.         0.         1.163077   0.
  0.         0.         1.8626722  2.490489   0.         0.        ]]