[[0.         0.         0.6624023  2.6084962  0.0492245  2.5855849
  0.22348097 0.617544   2.524072   0.         0.7297608  0.
  4.3756948  1.6573359  0.         0.         0.02649343 0.
  0.5630827  0.         2.8875837  0.         0.         0.
  0.         0.8058255  0.         0.         2.1099308  0.
  0.         0.         0.         0.5923462  0.         0.
  0.         0.         0.         0.         0.         0.
  0.         0.         0.9263016  0.         0.         0.
  0.         0.         0.         0.         0.         0.
  0.         0.         0.         0.         0.         0.
  0.05188177 0.         0.         0.         3.3026578  0.
  0.7061059  0.         0.         0.         0.540484   0.
  0.         0.         0.42226684 1.8004004  0.         0.        ]]