[[0.         0.         0.90657085 3.1898787  0.8535766  2.0984223
  0.457948   0.8830646  2.3699515  0.         0.7607032  0.
  4.819753   0.9130624  0.         0.         0.         0.
  0.23916848 0.         2.9354374  0.         0.         0.
  0.         1.2150373  0.         0.         2.7990956  0.
  0.         0.         0.         1.3070745  0.         0.
  0.         0.         0.         0.         0.         0.
  0.         0.         0.4120047  0.         0.         0.
  0.         0.5015614  0.         0.         0.         0.
  0.         0.         0.         0.         0.         0.
  0.12332899 0.         0.         0.         4.042044   0.
  0.9176767  0.         0.         0.         0.658709   0.
  0.         0.         0.43116587 2.493123   0.         0.        ]]