[[0.         0.9798661  0.3288894  2.8330452  0.         2.4941146
  0.         0.         3.892425   0.         0.         0.4986812
  5.570651   2.5080888  0.         0.         0.         0.
  0.         0.         3.7898705  0.         0.         0.
  0.         0.23429346 0.         0.         2.0767088  0.
  0.         0.         0.         0.         1.0043372  0.
  0.         0.4220191  0.         0.         0.         0.
  0.         0.         1.1894819  0.         0.         0.
  0.         0.         0.         0.         0.         0.
  0.         0.         0.         2.2316022  0.         0.
  0.44033566 0.         0.         0.         2.8749096  0.
  2.807315   0.         0.         0.         0.         0.30656278
  0.         0.         0.         1.7660143  0.         0.        ]]