[[0.         1.6675558  0.         2.491687   0.         1.4223555
  0.         0.         4.6428366  0.         0.         0.8562947
  5.817506   2.85628    0.         0.         0.         0.
  0.         0.         4.253296   0.         0.         0.
  0.         0.         0.         0.         1.7632124  0.
  0.         0.         0.         0.         1.4790922  0.
  0.         1.2165844  0.         0.         0.         0.
  0.         0.         0.660174   0.         0.         0.
  0.02336167 0.         0.         0.61011255 0.         0.
  0.         0.         0.         3.184501   0.         0.
  0.14018056 0.         0.         0.         2.866853   0.
  3.3251436  0.         0.         0.         0.         1.3614278
  0.         0.         0.         1.6939468  0.         0.        ]]