[[0.         0.         0.58792984 1.2379458  0.76472706 2.719313
  0.74397457 1.3826749  1.6835158  0.         0.83389485 0.
  3.3131533  1.6708306  0.         0.         1.0854996  0.
  0.99969065 0.         1.7113041  0.         0.         0.
  0.         1.606988   0.         0.         1.2295568  0.
  0.         0.         0.         1.3608779  0.         0.
  0.         0.         0.         0.         0.         0.
  0.         0.         1.2334512  0.         0.         0.
  0.         0.57190335 0.         0.         0.         0.
  0.         0.         0.         0.         0.         0.
  0.         0.         0.         0.         2.4619331  0.
  0.         0.         0.         0.         1.5887018  0.
  0.         0.         1.1741611  0.6908476  0.         0.        ]]