[[0.         0.         0.40645352 1.7929978  0.8781207  1.3663161
  0.4858024  0.79807043 1.2628056  0.         0.73687655 0.
  2.7448702  0.40371606 0.         0.         0.16125512 0.
  0.08391743 0.         1.4164472  0.         0.         0.
  0.         1.2868389  0.         0.         1.6289394  0.
  0.         0.         0.         1.4082327  0.         0.
  0.         0.         0.         0.         0.         0.
  0.         0.         0.4791645  0.         0.         0.
  0.         0.8185639  0.         0.         0.         0.
  0.         0.         0.         0.         0.         0.
  0.0382864  0.         0.         0.         2.1438274  0.
  0.4119687  0.         0.         0.         0.8775222  0.
  0.         0.         0.44419768 1.0955052  0.         0.        ]]