[[0.         0.36509922 0.         0.         0.         0.
  0.8559058  0.5689604  0.8524355  0.         0.         0.
  0.         1.7227744  0.         0.         0.765132   0.
  0.         0.         0.1612376  1.6735398  1.3001828  0.
  0.         0.         0.         0.         0.         0.
  0.         0.         0.         0.         0.         0.
  0.         0.24755646 0.         0.         0.         0.
  0.         0.         0.         0.         0.         0.
  1.3001696  0.         0.         0.         0.18673576 0.8928095
  0.         2.6839063  0.         0.         0.         0.
  0.         0.         0.         0.         1.9221344  0.19929221
  0.43566203 0.         0.         0.         0.         0.
  0.         0.         0.         1.3469831  0.         0.        ]]