[[0.         0.08447348 0.2643236  0.         0.         1.072906
  0.         0.77159035 0.         0.         0.         0.
  0.18321456 3.3168046  0.         0.         0.         0.
  0.         0.         0.         0.         0.         0.
  0.34711534 0.40499094 0.         0.         0.         0.
  0.17234862 0.         0.         1.3798277  0.         0.
  0.         0.         0.         0.         1.4163915  0.
  0.         0.         0.76543    0.         0.         0.
  0.         0.         0.         0.         0.         0.22441891
  0.         1.4131405  0.         0.         0.         0.
  0.         0.         0.         0.         0.         0.
  0.32939106 0.         0.         0.         0.         0.6092404
  0.         0.         0.28308064 0.7990003  0.         0.        ]]