[[0.         0.         0.26108906 0.7930339  0.         3.9368477
  0.25930932 0.5722852  3.3029766  0.         0.45584363 0.
  3.4474127  2.87806    0.         0.         0.0419659  0.
  0.1354174  0.         2.0594134  0.         0.         0.
  0.         0.7446895  0.         0.         1.6262467  0.
  0.         0.         0.         1.2940675  0.         0.
  0.         0.28841105 0.         0.         0.         0.
  0.         0.         2.6650066  0.         0.         0.
  0.         0.         0.         0.29360852 0.         0.
  0.         0.         0.         0.8726851  0.         0.
  0.         0.         0.         0.         0.6864768  0.
  0.3629349  0.         0.         0.         1.4945649  0.
  0.         0.         0.         0.         0.         0.        ]]