[[0.         0.         0.32358924 1.0354121  0.39708453 1.490245
  0.415248   0.78520095 1.1238747  0.         0.5651734  0.
  2.139129   0.93891996 0.         0.         0.51601547 0.
  0.5858612  0.         1.2027808  0.         0.         0.
  0.         0.9078462  0.         0.         0.93062836 0.
  0.         0.         0.         0.7037814  0.         0.
  0.         0.         0.         0.         0.         0.
  0.         0.         0.63709044 0.         0.         0.
  0.         0.23436719 0.         0.         0.         0.
  0.         0.         0.         0.         0.         0.
  0.         0.         0.         0.         1.6083947  0.
  0.10620411 0.         0.         0.         0.77854335 0.
  0.         0.         0.6158062  0.6411575  0.         0.        ]]