[[0.         0.54269165 0.         0.         0.         1.7951046
  2.272132   2.0298488  2.5874462  0.         0.         0.
  2.2693079  4.777551   0.         0.         1.6512669  0.
  1.7318312  0.         1.1052186  0.99592394 0.         0.
  0.         0.         0.         0.         0.         0.
  0.         0.         0.         0.         0.         0.
  0.         0.         0.         0.         0.         0.
  0.         0.         1.9481683  0.         0.         0.
  0.158518   0.         0.         0.         0.8709748  1.1329697
  0.         1.5378762  0.         0.         0.         0.
  0.         0.         0.         0.         5.26318    0.
  0.         0.         0.         0.         0.         0.
  0.         0.         0.         1.1659548  0.         0.        ]]