[[0.         0.         0.7316712  0.         0.         1.3906696
  0.50883996 1.0092751  0.         0.         0.         0.
  0.         2.0087764  0.         0.         1.2110482  0.
  0.         0.         0.         0.         0.         0.
  0.3812189  2.4399707  0.         0.         0.         0.
  0.02261353 0.         0.         1.8123645  0.         0.
  0.         0.5598763  0.         0.         0.19021955 0.
  0.         0.         1.2178768  0.         0.         0.
  0.         0.         0.         0.         0.         0.
  0.         2.2982981  0.         0.         0.         0.
  0.         0.         0.         0.         0.         0.
  0.58365065 0.         0.14194663 0.         0.29323736 1.2840059
  0.         0.         0.1531938  1.1563092  0.         0.        ]]