[[0.         0.         1.3095943  0.         0.32235992 3.2574618
  0.13250189 1.2962228  0.         0.         0.06519687 0.
  1.2117267  1.807187   0.         0.         1.9121611  0.
  0.462427   0.         0.         0.         0.         0.
  0.         1.7781937  0.         0.         0.09872554 0.
  0.         0.         0.         2.4744904  0.         0.
  0.         0.         0.         0.         0.         0.
  0.         0.         1.8574594  0.         0.         0.
  0.         0.865783   0.         0.         0.         0.
  0.         0.26353848 0.         0.         0.         0.
  0.         0.         0.1853822  0.         0.21120834 0.
  0.         0.         0.         0.         1.3544601  0.9032756
  0.         0.         1.0831563  0.05075345 0.         0.        ]]