[[0.         0.29711148 0.05181315 2.3476634  0.         3.6005156
  0.         0.         5.1232104  0.         0.14528699 0.
  4.8264565  3.6849718  0.         0.         0.         0.
  0.         0.         3.2722735  0.         0.         0.
  0.         0.4383369  0.         0.         2.7289135  0.
  0.         0.         0.         0.9589281  1.383725   0.
  0.         1.3761266  0.         0.         0.         0.
  0.         0.         2.755352   0.         0.         0.
  0.         0.         0.         1.2230227  0.         0.
  0.         0.         0.         2.4530861  0.         0.
  0.3267151  0.         0.         0.         0.28791294 0.
  0.5122853  0.         0.         0.         0.744159   0.89550775
  0.         0.         0.         0.         0.         0.        ]]