[[0.         0.05918223 0.         0.869144   0.         0.
  0.         0.         1.4630176  0.         0.         0.8837411
  2.2303934  0.9222729  0.         0.         0.         0.
  0.         0.15620355 0.83179414 0.         0.35924625 0.
  0.08151987 0.         0.         0.         0.9488322  0.
  0.         0.         0.         0.         1.4657348  0.
  0.         1.4534221  0.         0.         0.         0.
  0.         0.         0.         0.         0.         0.
  0.27102527 0.         0.         0.58679855 0.         0.
  0.         0.         0.         1.2005591  0.         0.
  0.         0.         0.         0.         0.5546458  0.
  1.6153783  0.         0.         0.         0.         2.1463816
  0.         0.         0.         0.8016965  0.         0.        ]]