[[0.         0.         0.         1.4488885  0.         0.3666006
  0.         0.         1.6002439  0.         0.         0.4194414
  2.378905   1.039333   0.         0.         0.         0.
  0.         0.         0.7978778  0.         0.         0.
  0.         0.39960557 0.         0.         1.0350796  0.
  0.08280895 0.         0.         0.         0.9249516  0.
  0.         0.78795576 0.         0.         0.06715416 0.
  0.         0.         0.         0.         0.         0.
  0.         0.         0.         0.30637154 0.         0.
  0.         0.         0.         0.9567395  0.         0.
  0.13950631 0.         0.         0.         0.5440743  0.
  1.1735629  0.         0.         0.         0.         1.2486862
  0.         0.         0.         0.69412667 0.         0.        ]]