[[0.         3.1118865  0.         0.         0.         0.
  0.         1.2316804  4.158993   0.         1.5680652  0.
  0.6638978  1.0960228  2.4397473  0.         0.23618418 0.
  0.         1.1714804  1.9767616  0.50062895 0.         0.
  0.         0.         0.67974585 0.         0.         0.
  4.2490735  1.5737165  0.9219133  0.         1.1638895  0.
  0.         0.         1.002716   0.         0.         0.26900107
  0.158185   1.4554846  2.8753233  0.43547314 3.0263054  3.9392931
  0.         0.36315832 0.         0.         0.7181682  0.
  1.7607833  0.12957275 0.         0.         4.872279   0.
  0.         0.4620324  3.507028   0.9414962  0.         0.95493555
  0.         0.39817584 0.         0.         1.0814171  3.7232544
  0.         1.371992   0.         0.         0.         0.3012863
  0.         3.5226395  0.         0.07882881 0.         0.
  0.         0.2477016  4.501715   0.11274104 0.         1.7912698
  1.6203471  2.1200402  3.3147633  0.41431743 3.374955   0.35009468
  0.         0.         2.327042   1.7899259  0.40055567 0.
  0.         0.         0.82589227 2.212188   1.6976413  0.
  0.         1.466293   2.4771245  1.6726139  0.         0.
  1.8968909  3.7983146  2.6833215  0.         0.6741396  0.
  0.         0.2903984  0.3544106  1.714929   3.0103092  1.4908131
  2.0822861  2.3819351  0.         0.02335028 0.         3.8045995
  0.         1.9628891  0.         0.         0.         1.2417132
  0.         1.8142284  0.         1.1560665  0.8223063  0.68310845
  0.         0.         0.66459966 0.         0.03217473 0.
  2.3262012  1.5800158  0.         0.         0.         2.9484425 ]]