[[0.         3.100674   0.         0.         0.         0.
  0.         1.241745   4.1776247  0.         1.5777775  0.
  0.67509013 1.0851097  2.441962   0.         0.23619646 0.
  0.         1.1735349  1.9849218  0.5130623  0.         0.
  0.         0.         0.6868495  0.         0.         0.
  4.256019   1.5651083  0.92508006 0.         1.1730086  0.
  0.         0.         1.0056562  0.         0.         0.27054262
  0.15696168 1.4520731  2.8703759  0.4249544  3.0233035  3.9396007
  0.         0.37172982 0.         0.         0.7152182  0.
  1.7559578  0.12265056 0.         0.         4.868281   0.
  0.         0.46337244 3.5137312  0.941057   0.         0.9516025
  0.         0.40442744 0.         0.         1.0738828  3.7174659
  0.         1.3698751  0.         0.         0.         0.30293933
  0.         3.5174406  0.         0.07788014 0.         0.
  0.         0.24421282 4.488338   0.10996942 0.         1.7832603
  1.6129603  2.1154478  3.3130083  0.41777825 3.3768895  0.35142362
  0.         0.         2.3326328  1.7893039  0.39167935 0.
  0.         0.         0.8246383  2.2210078  1.6975751  0.
  0.         1.4610596  2.4745073  1.6815406  0.         0.
  1.8948711  3.8040771  2.6841133  0.         0.6668783  0.
  0.         0.29620466 0.3617205  1.7203897  3.0054064  1.4828082
  2.093462   2.389235   0.         0.00896225 0.         3.8024173
  0.         1.9589118  0.         0.         0.         1.2440083
  0.         1.8024635  0.         1.1577973  0.82015085 0.6743454
  0.         0.         0.6507567  0.         0.02373018 0.
  2.3307025  1.5751599  0.         0.         0.         2.9533172 ]]