[[0.17050505 1.4574594  3.4688747  0.56846106 1.4447149  1.1450686
  0.38450587 0.30360544 0.3739196  1.5956655  0.         2.2799
  1.1765907  1.3890588  0.7541053  0.8399711  0.32468912 3.883646
  1.0783638  1.0057292  0.6231067  2.7139962  0.         2.3557475
  2.1380136  0.4100261  1.2892166  1.4083713  1.7010142  1.4839705
  0.         1.6333317  0.         0.06356157 2.21455    0.04115397
  1.1594474  2.8108318  0.7998693  1.397386   0.         3.801875
  1.4336219  0.8904527  0.         3.548004   1.0926707  3.120638
  0.         1.2857552  0.         1.2763406  1.7883426  0.
  2.1459436  0.         1.9190584  1.5746143  0.03557715 0.37573123
  0.7177323  0.         2.7450004  1.8544159  0.18556339 0.7178848
  0.         1.0262256  1.2804888  0.66923064 0.9498637  2.6028926
  2.2072852  0.         0.37576526 0.         0.8931203  1.6820616
  2.7926269  0.         0.60961354 0.48936862 0.6844308  2.938999
  1.6972601  0.         1.6653752  0.9194058  2.0304961  1.0156001
  0.         1.1829679  1.2480618  0.         1.7314532  1.4343731
  1.2010294  0.         2.573019   0.38858655 1.0817043  1.1480445
  2.0773191  0.         0.8153694  0.         0.38772404 0.45680115
  2.7952433  0.         0.         1.8457248  1.2210443  0.7546352
  0.9839171  2.3330305  0.17091995 1.0290735  1.3653178  1.9904644
  0.         1.1090906  0.         2.1807816  2.8214102  0.9292183
  0.         0.52767944 0.         0.94987845 0.         0.92283714
  0.88318866 0.3438425  1.6655711  2.3078008  0.8984289  0.26174617
  0.         1.059761   0.30381435 0.78175515 3.0070653  1.7851223
  1.0380845  1.5680172  0.6592296  0.7001735  0.7938724  2.1792674
  1.4083518  0.         0.7977607  1.5512668  0.         0.21543236]]