[[0.         3.11815    0.         0.         0.         0.
  0.         1.2424421  4.1839385  0.         1.5759387  0.
  0.6620119  1.0941341  2.4534233  0.         0.23847729 0.
  0.         1.169794   1.9789101  0.5047388  0.         0.
  0.         0.         0.67877305 0.         0.         0.
  4.2591853  1.5682343  0.9226636  0.         1.1651257  0.
  0.         0.         1.0020747  0.         0.         0.27136254
  0.1556238  1.4656957  2.8798547  0.43231583 3.036269   3.9465733
  0.         0.3768209  0.         0.         0.728985   0.
  1.7551657  0.12310237 0.         0.         4.883779   0.
  0.         0.48029742 3.508429   0.94799423 0.         0.9579597
  0.         0.39888796 0.         0.         1.06941    3.7270403
  0.         1.3663061  0.         0.         0.         0.30679846
  0.         3.5302877  0.         0.09322929 0.         0.
  0.         0.25433525 4.508718   0.11527954 0.         1.782802
  1.6262101  2.1277778  3.3210886  0.42321444 3.3811514  0.35514784
  0.         0.         2.3445957  1.7833138  0.39741045 0.
  0.         0.         0.82293946 2.2155807  1.6950511  0.
  0.         1.4645716  2.4789808  1.6702039  0.         0.
  1.8981159  3.8034866  2.6919346  0.         0.6686442  0.
  0.         0.28974923 0.34480053 1.7245135  3.004657   1.4908526
  2.088981   2.386813   0.         0.00683461 0.         3.817381
  0.         1.9627229  0.         0.         0.         1.2509696
  0.         1.8007942  0.         1.1644483  0.81408453 0.69356763
  0.         0.         0.64549243 0.         0.02827862 0.
  2.3399837  1.5792602  0.         0.         0.         2.9676974 ]]