[[0.         3.1058137  0.         0.         0.         0.
  0.         1.2361615  4.17253    0.         1.5724099  0.
  0.6741492  1.0891054  2.441695   0.         0.23478276 0.
  0.         1.1778005  1.9743828  0.5127909  0.         0.
  0.         0.         0.67968535 0.         0.         0.
  4.2534475  1.5695325  0.93296343 0.         1.1658857  0.
  0.         0.         0.99602306 0.         0.         0.2641526
  0.15937561 1.4498652  2.8691132  0.42257547 3.019403   3.9345913
  0.         0.37154374 0.         0.         0.7151405  0.
  1.7446482  0.1306521  0.         0.         4.8723803  0.
  0.         0.45570943 3.5189672  0.9518741  0.         0.9570224
  0.         0.4030491  0.         0.         1.0714164  3.7219958
  0.         1.3763405  0.         0.         0.         0.30374283
  0.         3.5245032  0.         0.07796139 0.         0.
  0.         0.25363144 4.4913306  0.10588162 0.         1.7868855
  1.6113839  2.1010292  3.317792   0.42892545 3.3652468  0.34486276
  0.         0.         2.3367012  1.7858969  0.38965493 0.
  0.         0.         0.81530076 2.2212906  1.6910373  0.
  0.         1.4675934  2.4647288  1.6809237  0.         0.
  1.9082325  3.802135   2.6900926  0.         0.66619194 0.
  0.         0.2902952  0.37882298 1.7111881  2.9946694  1.4974571
  2.0882623  2.4094238  0.         0.01222388 0.         3.795021
  0.         1.9613303  0.         0.         0.         1.243465
  0.         1.7979336  0.         1.1504192  0.81597114 0.68929803
  0.         0.         0.65267384 0.         0.0359458  0.
  2.3193967  1.5841767  0.         0.         0.         2.956955  ]]