[[2.6622455  0.04374402 0.         1.7157569  0.61953044 0.711311
  0.713477   1.6850424  1.2671702  0.         1.1257718  1.3262937
  0.         0.2565863  0.30429286 1.7559073  0.07645451 0.
  0.         0.         0.6962904  1.2119328  1.0134429  0.
  0.         1.4882075  1.0081668  0.7657308  1.8379148  0.57939833
  0.         0.         2.0256639  0.         1.744997   0.32186785
  3.2596996  1.5245111  2.4427633  1.5964012  2.2233417  0.
  0.         0.02858442 2.571391   0.5080293  0.22205521 0.
  1.4721975  1.1144406  1.2525066  0.         0.2866339  0.9571803
  0.         2.694888   0.         2.2719762  0.53777677 0.98575574
  1.5990059  1.2713016  1.882315   2.8273027  0.3797492  0.6668829
  0.78518766 1.5616624  0.         0.92945516 2.9610004  0.
  1.7008784  0.         1.0023685  1.8083972  2.196236   0.
  0.9448384  1.0453856  0.         3.4395192  0.         0.68300533
  0.         1.9415594  3.302805   0.         0.12909433 1.3939143
  0.         0.48177946 1.0254575  1.394422   0.         1.9003683
  0.4607653  0.         2.2160153  2.028659   1.509822   0.
  1.1301901  2.645867   1.1729065  0.7698596  1.2192663  0.
  1.9293308  0.         1.9250629  2.0564446  0.61527884 2.173142
  2.3738158  2.581902   2.3432975  1.57377    2.7355664  1.178526
  2.2656817  0.60104984 1.5765169  2.5133173  2.3955424  0.
  1.471461   0.07725788 0.8611327  0.34090945 3.034292   1.1890316
  1.2693179  0.826341   1.3245705  2.075162   2.4992533  0.
  2.4387252  1.8231231  0.76823187 1.8920717  0.02246968 2.0545895
  1.3684686  0.7114701  1.1650896  0.831177   0.         0.23746504
  0.48241088 0.6866589  0.         0.         1.8058541  0.        ]]