[[0.         3.0889652  0.         0.         0.         0.
  0.         1.2309512  4.1588964  0.         1.572239   0.
  0.66867584 1.0799438  2.4308202  0.         0.22623247 0.
  0.         1.1688856  1.9637251  0.5191987  0.         0.
  0.         0.         0.67357254 0.         0.         0.
  4.223992   1.5536498  0.9447089  0.         1.1535488  0.
  0.         0.         0.96790344 0.         0.         0.26766884
  0.17595482 1.437163   2.851648   0.41806662 2.988861   3.9108431
  0.         0.35341153 0.         0.         0.69446677 0.
  1.7439024  0.16410705 0.         0.         4.8422737  0.
  0.         0.44426998 3.5071216  0.9565692  0.         0.95744574
  0.         0.40193263 0.         0.         1.0766385  3.706649
  0.         1.3857805  0.         0.         0.         0.29520124
  0.         3.515752   0.         0.08445126 0.         0.
  0.         0.2440166  4.4602942  0.10953097 0.         1.793374
  1.5887488  2.0702045  3.3085918  0.4262582  3.350774   0.33227503
  0.         0.         2.3196552  1.7727809  0.3738559  0.
  0.         0.         0.8002754  2.2156901  1.6821215  0.
  0.         1.4760438  2.4412274  1.6815367  0.         0.
  1.9185352  3.7815106  2.6859994  0.         0.6706136  0.
  0.         0.28737035 0.4102804  1.7032523  2.9862006  1.4981482
  2.0773332  2.4133372  0.         0.02262465 0.         3.7531261
  0.         1.9493524  0.         0.         0.         1.2386374
  0.         1.7886646  0.         1.130336   0.8113889  0.6880716
  0.         0.         0.6532959  0.         0.04318073 0.
  2.2983274  1.567951   0.         0.         0.         2.942123  ]]