[[0.         3.1069996  0.         0.         0.         0.
  0.         1.2356064  4.178691   0.         1.5793611  0.
  0.6627224  1.0865653  2.443469   0.         0.23544127 0.
  0.         1.160163   1.9694573  0.51104873 0.         0.
  0.         0.         0.6735735  0.         0.         0.
  4.240007   1.5611835  0.92924905 0.         1.1748031  0.
  0.         0.         0.98935765 0.         0.         0.27543253
  0.17877185 1.4472967  2.8605888  0.4260739  3.0081522  3.9300256
  0.         0.3618268  0.         0.         0.7184655  0.
  1.7545798  0.1584318  0.         0.         4.860304   0.
  0.         0.4664633  3.5126333  0.95341736 0.         0.95692134
  0.         0.40457946 0.         0.         1.0655681  3.7258015
  0.         1.3817278  0.         0.         0.         0.2987181
  0.         3.526599   0.         0.09539413 0.         0.
  0.         0.24813731 4.4848742  0.1191669  0.         1.7866473
  1.6040577  2.099333   3.3199694  0.41842645 3.3689203  0.34729278
  0.         0.         2.3272429  1.7731081  0.38339835 0.
  0.         0.         0.81124467 2.2176564  1.6882612  0.
  0.         1.4695576  2.455491   1.6764542  0.         0.
  1.9169273  3.7901552  2.698436   0.         0.6724017  0.
  0.         0.29176763 0.38958555 1.7210454  2.9952173  1.4925175
  2.082899   2.4001772  0.         0.01759629 0.         3.7730558
  0.         1.9554724  0.         0.         0.         1.2496974
  0.         1.7789707  0.         1.1460115  0.8041525  0.691561
  0.         0.         0.64663684 0.         0.03569939 0.
  2.317107   1.570743   0.         0.         0.         2.9509425 ]]