[[3.6031839e-01 9.6356535e-01 0.0000000e+00 2.3686454e+00 1.8281506e-01
  8.8344932e-01 1.6024185e+00 1.4987371e+00 1.1933852e+00 4.4127333e-01
  1.6814852e+00 1.2637480e+00 0.0000000e+00 8.9666761e-02 7.5634217e-01
  6.7299265e-01 5.1689243e-01 2.8477240e+00 8.0862588e-01 9.1692096e-01
  5.3708124e-01 7.7230716e-01 7.6269031e-01 0.0000000e+00 6.8324894e-01
  5.2916396e-01 1.4282575e+00 2.0600011e+00 1.8796328e-01 5.7303804e-01
  0.0000000e+00 1.1330200e+00 2.0909457e+00 1.4479724e+00 0.0000000e+00
  1.1961737e+00 0.0000000e+00 1.0057991e-01 2.1146266e+00 7.4937499e-01
  1.0253780e+00 0.0000000e+00 3.3549193e-01 1.2153192e+00 1.9868238e+00
  0.0000000e+00 1.9915723e+00 3.4756342e-01 1.7384875e+00 5.6293774e-01
  1.5230525e+00 5.9345651e-01 1.2573251e+00 3.1361518e+00 0.0000000e+00
  1.5518302e+00 5.5399889e-01 3.2032239e+00 1.9024791e+00 7.3957539e-01
  7.4198008e-01 1.2463161e+00 8.6567587e-01 0.0000000e+00 0.0000000e+00
  2.3399184e+00 1.8097849e+00 2.0759859e+00 3.0601844e-02 9.8574990e-01
  3.6709177e-01 1.6981314e-01 1.0681733e+00 6.7742592e-01 1.6082742e+00
  0.0000000e+00 5.2607626e-01 0.0000000e+00 3.8264430e-01 1.2133794e+00
  0.0000000e+00 1.3965759e+00 0.0000000e+00 0.0000000e+00 0.0000000e+00
  1.4125369e-03 1.2632014e+00 1.4411459e+00 9.4039756e-01 1.9830085e+00
  2.6457312e+00 0.0000000e+00 2.0598471e+00 0.0000000e+00 0.0000000e+00
  9.8649347e-01 7.5632744e-02 2.4586663e+00 8.3057702e-01 2.7841797e+00
  2.4823979e-01 0.0000000e+00 0.0000000e+00 1.1411449e+00 0.0000000e+00
  1.7239130e+00 3.0299723e+00 1.3020923e+00 1.6335991e-01 1.2469841e+00
  2.1554067e+00 7.7079135e-01 8.4305155e-01 3.2579803e+00 2.4871957e+00
  0.0000000e+00 1.8417788e+00 1.6945858e+00 3.8913326e+00 2.1330690e+00
  3.1858604e+00 0.0000000e+00 2.8178036e+00 6.5816528e-01 2.6139944e+00
  0.0000000e+00 2.2898414e+00 7.8150153e-01 1.3387790e+00 1.3862196e-01
  1.0241537e+00 3.5180426e-01 1.5088654e+00 6.3079876e-01 1.0611998e-01
  9.7305578e-01 1.2441968e+00 0.0000000e+00 0.0000000e+00 5.0812304e-01
  0.0000000e+00 1.8953409e+00 6.2530434e-01 1.5101824e+00 1.4630719e+00
  1.4916269e+00 1.8056791e+00 0.0000000e+00 4.9650499e-01 0.0000000e+00
  2.8022549e-01 5.5360246e-01 1.7671931e+00 1.5767255e-01 1.7636316e+00
  1.7619578e+00]]