[[0.         3.1069448  0.         0.         0.         0.
  0.         1.2292647  4.1774025  0.         1.5743324  0.
  0.65323347 1.0899454  2.447012   0.         0.24216753 0.
  0.         1.1516141  1.9635756  0.5073817  0.         0.
  0.         0.         0.6656648  0.         0.         0.
  4.2291365  1.5622865  0.9224453  0.         1.192032   0.
  0.         0.         0.98987025 0.         0.         0.28674924
  0.19269127 1.42971    2.8544798  0.4271896  2.9992218  3.9262471
  0.         0.35679135 0.         0.         0.725488   0.
  1.7592347  0.18557239 0.         0.         4.8532977  0.
  0.         0.47341153 3.5140855  0.95659983 0.         0.9561615
  0.         0.4102295  0.         0.         1.0590044  3.733793
  0.         1.3885745  0.         0.         0.         0.2993263
  0.         3.5295308  0.         0.1014567  0.         0.
  0.         0.24796982 4.485074   0.12953435 0.         1.788936
  1.5994656  2.0851686  3.3269596  0.4097085  3.366129   0.3528288
  0.         0.         2.3218548  1.7597729  0.3804639  0.
  0.         0.         0.80787224 2.2214296  1.6887782  0.
  0.         1.4703943  2.4426787  1.6738094  0.         0.
  1.9282935  3.7824688  2.705155   0.         0.68091726 0.
  0.         0.30121836 0.40136832 1.7186586  2.9879363  1.4990315
  2.0777483  2.3962872  0.         0.03261833 0.         3.7532835
  0.         1.9533373  0.         0.         0.         1.2531075
  0.         1.7673504  0.         1.1329677  0.79856086 0.6905321
  0.         0.         0.6447364  0.         0.04681459 0.
  2.3053944  1.5688788  0.         0.         0.         2.9398499 ]]