[[0.25111985 1.4666876  0.30927062 0.         0.         0.97746104
  0.         0.         2.1062603  1.1076747  0.78556544 0.35749593
  3.2726572  0.         0.24162278 1.132194   0.         1.3983885
  1.5448081  0.         1.2205383  0.02798464 1.2893841  0.6620291
  1.2184525  0.26007816 1.1760073  0.3817693  0.         0.
  1.1107681  0.45919758 1.1380867  0.         0.31442165 0.5449593
  0.         0.         1.6985283  0.38932148 1.34611    0.
  1.5980986  3.1958513  0.28267723 0.         2.1516576  0.
  1.8783184  0.         1.9869535  1.5031829  2.6559522  0.4693282
  0.31297246 0.         0.9399992  1.6523266  2.8212974  2.45426
  0.         1.8542546  0.34813562 0.1579256  1.6681544  0.
  0.6022482  1.6926348  1.9080143  1.0518743  0.         0.95208764
  0.4120978  1.2887634  0.50437355 0.         0.         1.9666504
  0.         0.         1.5736398  3.9333127  0.6921936  0.
  0.96537465 0.6067294  0.         1.8691483  1.2671386  0.2572024
  4.0094795  0.         1.384325   0.         0.27764255 0.
  1.0269258  4.789746   0.         1.2956235  0.64491284 0.
  0.55667275 0.         0.02369366 1.2208418  1.9455     1.7936589
  1.2937994  0.         1.1505224  1.8918798  0.12636587 2.4081266
  0.         0.         0.4909971  1.4601786  1.6126243  0.75219077
  0.1489207  0.18571043 0.28362647 0.         0.783508   0.
  2.2665334  0.4233203  0.67368615 0.42174086 0.         1.4196262
  0.82985973 2.468644   0.37472612 1.2828733  0.         0.28364438
  0.         0.         0.         4.0528407  2.0000765  0.
  1.1568252  0.8207     2.186678   0.         1.7240945  1.8027196
  0.         1.016597   3.5524073  0.57355964 0.         0.51233333]]