[[0.         3.0809195  0.         0.         0.         0.
  0.         1.2316787  4.158153   0.         1.5742424  0.
  0.674038   1.076164   2.4324203  0.         0.22435564 0.
  0.         1.1643919  1.9677566  0.52373445 0.         0.
  0.         0.         0.6786927  0.         0.         0.
  4.224793   1.5463631  0.94792736 0.         1.1483299  0.
  0.         0.         0.9640345  0.         0.         0.26862174
  0.17758942 1.4444736  2.8479664  0.41332638 2.986352   3.9130464
  0.         0.35189733 0.         0.         0.6936679  0.
  1.7406113  0.16950539 0.         0.         4.831851   0.
  0.         0.44684955 3.5022407  0.95896685 0.         0.9589926
  0.         0.40015048 0.         0.         1.0852351  3.7015638
  0.         1.3865037  0.         0.         0.         0.29520813
  0.         3.5170097  0.         0.08634269 0.         0.
  0.         0.2442096  4.4566636  0.11061798 0.         1.8001821
  1.5852125  2.071927   3.3066776  0.42069185 3.3589442  0.33698463
  0.         0.         2.314835   1.7724446  0.36954147 0.
  0.         0.         0.79565245 2.2123187  1.682393   0.
  0.         1.4817559  2.4376638  1.6801289  0.         0.
  1.9173925  3.7793922  2.683116   0.         0.6732937  0.
  0.         0.28097722 0.4061473  1.7070538  2.9949052  1.4879981
  2.0802605  2.406824   0.         0.01898186 0.         3.7558024
  0.         1.9508029  0.         0.         0.         1.2385919
  0.         1.7900889  0.         1.1350704  0.81256574 0.6816019
  0.         0.         0.65368044 0.         0.0386571  0.
  2.305713   1.5561551  0.         0.         0.         2.946305  ]]