[[1.2157216  0.         0.60138524 1.7597091  1.1596816  0.66909915
  0.26747108 1.3889303  1.620877   0.         0.70913935 0.9785466
  0.         0.13521329 0.44080496 1.6315751  0.         0.
  0.         0.49270487 1.1136769  0.4832053  0.         0.
  0.6277928  0.6420191  0.659775   0.07944115 1.0982488  0.03141162
  0.         0.         1.7172835  1.0432407  1.4057512  0.
  1.2240745  1.9586331  0.63596046 1.5600955  1.729177   0.
  0.         0.6829403  1.1680022  0.5828553  1.4451346  0.
  0.98351353 0.36051074 1.2072968  0.1360669  0.36225498 0.15980446
  0.17322391 1.0914364  0.5669693  1.4696041  0.62586725 0.84920436
  0.73924434 0.874393   1.3606808  1.9949287  0.59912884 1.3468794
  0.70104027 1.0958991  0.         1.2127209  1.6290317  0.
  1.2036238  0.         0.538795   1.4527375  1.4418275  0.
  0.36799088 0.5866922  0.09940809 2.8241053  0.         0.27365732
  0.         1.1958423  1.3773881  1.1888882  0.90151274 0.
  0.         0.5081574  1.3494829  0.746967   0.         0.5075742
  0.8498881  0.         0.69043416 1.3071942  0.7153019  0.
  1.0040542  1.2175065  0.7216595  0.33321145 0.3890438  0.
  0.65599406 0.         1.9109827  0.6889996  0.28378776 0.8762918
  0.5169282  2.2986486  0.57771987 0.9381611  1.6910677  0.98664564
  1.3214467  0.49410862 1.3135037  1.0041012  0.75722325 0.44213974
  1.5721809  0.71980417 1.2928323  0.         1.5839057  1.1704627
  1.0312722  0.6978287  0.9347759  0.9320048  2.126187   0.
  1.4928067  1.133191   0.577952   1.6245024  0.34971166 0.88797766
  0.3837017  0.13543332 0.8790407  0.6836037  0.         0.
  0.         0.2845098  0.         0.         1.3516779  0.37776965]]