[[1.2983733  0.         0.19882277 1.4273628  1.6171198  1.1393801
  0.9288859  2.0080986  1.9119711  0.         1.5963314  1.9868106
  0.         0.88969004 0.6549325  2.2373881  1.1775873  0.
  0.         1.4185374  1.91371    0.82199204 0.7549309  0.
  0.23811138 0.7316257  0.48732543 0.4551407  1.9437399  0.
  0.         0.6387261  2.8017907  0.17397083 1.3456733  0.
  2.0928092  2.1720507  1.8885162  1.5714309  0.72356194 0.
  0.         0.         1.6496373  0.9666994  0.94006175 2.262633
  0.         0.93037045 2.3622057  0.         0.3479436  0.7858557
  0.         1.9802988  1.2889293  1.5929759  0.32452407 1.0364183
  1.957441   1.0589882  1.2541839  2.2022982  0.84558666 0.20672753
  0.         1.9610422  0.         1.1356897  1.0679731  0.31029838
  1.7878616  0.         0.83437437 1.9202205  1.7405581  0.
  0.82178426 0.7738452  0.15653121 1.8219103  0.         0.00465906
  0.         0.66593575 2.3982072  0.7228086  0.51534593 1.1864191
  0.         0.85059106 0.9400879  1.3118204  0.         0.6292268
  0.29835922 0.         1.733319   0.7494537  1.6302924  0.
  1.0399195  1.3996369  0.46379182 2.309256   0.7058609  0.
  0.03814358 0.5125548  1.6252047  1.6718671  0.6072278  1.3689016
  2.3685813  3.0904298  1.4405059  0.38444847 2.1296358  0.5437689
  0.5064225  0.89016175 0.8814584  1.9544623  1.3372592  0.
  2.645208   1.4404006  1.6247622  0.63773847 2.5729518  2.210308
  0.6697433  0.31167388 0.58653    0.5744213  3.0998316  0.
  2.9391687  1.1439055  0.58452475 1.0140771  0.         1.1537783
  0.73395705 1.0042963  0.7061081  1.8357885  0.11328136 0.
  0.73902255 0.697803   0.         0.         2.2447202  0.6068527 ]]