[[0.         0.5836489  1.6130166  0.3622945  1.4009918  1.0413228
  1.3437483  0.         1.354994   1.0602993  0.         0.16504428
  0.967824   3.4500492  0.7136656  0.         0.102791   0.16154765
  0.5503799  2.1102228  0.         1.3556602  0.         1.1709166
  1.1017239  0.8567885  2.073734   1.0768405  0.799001   1.412783
  1.7358358  0.         0.         3.3037999  0.49868074 2.089571
  0.         2.841384   0.         1.4684658  0.16824082 2.3951874
  1.407943   1.4391787  0.         0.02462764 3.1228323  0.
  0.         1.0955045  0.         0.53311795 0.44723475 0.
  2.4128075  0.         2.025462   1.0700172  0.5521405  1.4176644
  2.100449   0.         0.6148297  0.         0.         1.0939736
  0.         0.         2.1919246  1.795145   0.47801298 0.50267094
  0.         2.485505   0.         0.7156917  0.04985621 0.86579126
  0.90793705 1.0133097  0.2840653  0.         0.589188   2.7916262
  2.2505434  0.         0.         2.6341236  1.0606953  0.8740022
  0.         1.2759445  0.7529383  0.43918788 1.2440592  0.05337788
  1.5674502  0.         0.31018782 0.         0.         1.2111915
  0.8576463  0.         0.65137154 0.         0.62445754 0.5490494
  1.1172534  0.         0.         1.8857774  1.716491   0.
  0.         0.         0.         0.         0.3818727  1.1439663
  0.         0.900412   1.0489585  0.         0.25568444 0.09129938
  0.         1.1890283  0.         1.6239314  0.         0.09343585
  0.         0.         2.2481987  0.59817535 0.52802217 0.
  0.         0.8806679  1.0940968  1.7409768  0.42828432 0.
  0.62916744 0.         1.4605285  0.         1.2861831  0.66084
  0.         0.7190058  0.         0.36471033 0.         1.4267784 ]]