[[0.         1.7620763  2.1249874  1.612225   3.3387122  0.16236979
  1.2288074  0.         0.855226   1.9792985  0.         2.7586076
  4.268756   0.         3.1244204  2.1259432  0.40035695 3.2522368
  3.427489   0.6996646  1.7658468  2.1511242  1.1901374  0.06475234
  0.         0.         1.6892351  3.4390466  0.72225666 0.
  0.         0.12871654 0.59178936 2.3715067  0.41197655 1.0694054
  0.         0.24018577 0.99729824 3.7243965  1.1489793  2.5471153
  3.7930362  1.8894005  0.         2.8752565  2.0661383  3.0963824
  0.         0.5015024  0.         0.19311874 2.3271754  0.
  1.1120479  0.27616253 2.6462688  1.4886404  0.80849314 0.9303815
  1.933452   0.         0.52985394 2.235156   2.1384046  2.3994453
  0.         2.728752   2.5072556  2.3773386  0.21636976 1.4340795
  1.1394206  0.         1.2702494  0.         0.         0.
  0.8777008  0.         2.3272965  2.7102673  2.2839565  0.40834612
  2.6740634  0.29635742 0.16225031 1.5642515  3.3299325  1.6017463
  0.5271232  0.55911803 1.3954693  0.         1.5929928  2.1599684
  1.2505554  0.         2.4375784  0.         2.6884253  2.3719444
  0.14530991 0.         0.         0.         2.1779563  1.6793296
  1.7588897  0.         0.4273694  3.7901063  0.339508   0.8843621
  0.2887877  0.         1.3726119  0.         2.4176328  0.07895941
  0.0168926  0.22612631 0.28836197 2.3554337  2.2719536  0.
  0.3016181  2.3774304  3.5851853  3.0547945  0.         2.0123997
  3.2067657  0.         0.62654644 1.912884   2.6187685  0.68488455
  0.83606774 0.56209993 1.3419911  2.1215234  2.845841   2.0665555
  0.5821724  3.697299   0.24941446 1.3852326  2.9113145  1.8627989
  2.6164458  1.5400327  1.7677761  2.3214169  1.8058658  0.        ]]