[[0.         3.1418414  0.         0.         0.         0.
  0.         1.2439071  4.185856   0.         1.5691502  0.
  0.65711933 1.1114861  2.460581   0.         0.244479   0.
  0.         1.1725428  1.984017   0.49059305 0.         0.
  0.         0.         0.67988825 0.         0.         0.
  4.2791915  1.5852433  0.9137572  0.         1.1659919  0.
  0.         0.         1.0223823  0.         0.         0.2652499
  0.14029288 1.4800106  2.9020398  0.4450273  3.0664713  3.975577
  0.         0.3752326  0.         0.         0.7418526  0.
  1.7670474  0.10287285 0.         0.         4.911726   0.
  0.         0.48691913 3.5116615  0.9416776  0.         0.956723
  0.         0.39688027 0.         0.         1.0807443  3.7385216
  0.         1.3599566  0.         0.         0.         0.31164834
  0.         3.544299   0.         0.0910868  0.         0.
  0.         0.26145062 4.545054   0.11376171 0.         1.7859476
  1.6441936  2.1546926  3.328517   0.4283077  3.3994575  0.36049896
  0.         0.         2.3547962  1.7951792  0.41853577 0.
  0.         0.         0.8384178  2.2181609  1.7055972  0.
  0.         1.4657673  2.502258   1.6599643  0.         0.
  1.8873565  3.8191419  2.7000585  0.         0.6749643  0.
  0.         0.29091248 0.30803353 1.7320608  3.0145316  1.4967449
  2.0891163  2.3790035  0.         0.01144026 0.         3.8520796
  0.         1.9754193  0.         0.         0.         1.2554743
  0.         1.8227373  0.         1.1807429  0.8241274  0.7025571
  0.         0.         0.6518694  0.         0.03132394 0.
  2.3585432  1.5963851  0.         0.         0.         2.9813995 ]]