[[0.         3.1097755  0.         0.         0.         0.
  0.         1.231592   4.183745   0.         1.5778804  0.
  0.6559014  1.0925312  2.4498212  0.         0.23817247 0.
  0.         1.1505374  1.964472   0.5072873  0.         0.
  0.         0.         0.6688698  0.         0.         0.
  4.2341013  1.5611616  0.9251046  0.         1.1863353  0.
  0.         0.         0.9882761  0.         0.         0.2844739
  0.19038635 1.4379661  2.8550262  0.42608243 3.0051687  3.9272597
  0.         0.3594558  0.         0.         0.72588265 0.
  1.7589381  0.18250665 0.         0.         4.8569856  0.
  0.         0.47632536 3.513319   0.9559509  0.         0.9556347
  0.         0.4096302  0.         0.         1.0602459  3.7350411
  0.         1.385602   0.         0.         0.         0.30227834
  0.         3.532789   0.         0.1048128  0.         0.
  0.         0.25257286 4.4898715  0.13018195 0.         1.7925463
  1.6006562  2.0893853  3.3258092  0.41481137 3.3730912  0.3533628
  0.         0.         2.3282626  1.759056   0.37896353 0.
  0.         0.         0.8073978  2.2231843  1.6863104  0.
  0.         1.4736183  2.4499993  1.6716139  0.         0.
  1.923961   3.7825522  2.7081232  0.         0.6784953  0.
  0.         0.29562232 0.39653522 1.723617   2.9902644  1.4949763
  2.0806022  2.394031   0.         0.02392415 0.         3.7618985
  0.         1.9540001  0.         0.         0.         1.2548645
  0.         1.7692602  0.         1.1378053  0.8005812  0.6947789
  0.         0.         0.6429937  0.         0.0484921  0.
  2.3137836  1.5665722  0.         0.         0.         2.9471326 ]]