[[0.         3.0790427  0.         0.         0.         0.
  0.         1.2272332  4.146421   0.         1.5670023  0.
  0.66411406 1.076008   2.416818   0.         0.21931249 0.
  0.         1.1699197  1.9597981  0.51909876 0.         0.
  0.         0.         0.67011225 0.         0.         0.
  4.2095137  1.5512663  0.95061475 0.         1.1473895  0.
  0.         0.         0.957468   0.         0.         0.26835918
  0.17616618 1.4277269  2.8470898  0.414465   2.9707673  3.8960261
  0.         0.3470541  0.         0.         0.6766063  0.
  1.7458887  0.17042238 0.         0.         4.8289013  0.
  0.         0.43550763 3.4970438  0.9502182  0.         0.95535886
  0.         0.39757946 0.         0.         1.0836985  3.6953018
  0.         1.3859638  0.         0.         0.         0.2940411
  0.         3.5021026  0.         0.08118719 0.         0.
  0.         0.23476537 4.4413037  0.10948263 0.         1.7937981
  1.5804462  2.0597982  3.2964506  0.42134947 3.3426068  0.32384354
  0.         0.         2.3044748  1.7718607  0.36875254 0.
  0.         0.         0.79756457 2.2118578  1.6774621  0.
  0.         1.474889   2.431578   1.6799177  0.         0.
  1.9179894  3.7694254  2.677747   0.         0.6694234  0.
  0.         0.28532204 0.4163217  1.6921095  2.9818528  1.4961393
  2.072256   2.4103062  0.         0.02747289 0.         3.7357326
  0.         1.9424578  0.         0.         0.         1.2345068
  0.         1.793052   0.         1.1211338  0.81520617 0.6832669
  0.         0.         0.65839183 0.         0.04613104 0.
  2.2862628  1.5588344  0.         0.         0.         2.9283683 ]]