[[2.3065836  0.         0.37354174 1.7613177  1.3537096  0.47116885
  0.71034276 2.1767447  2.5137498  0.         0.34576762 1.9483565
  0.         0.9582928  0.6056726  1.486079   0.8538251  0.
  0.         0.54555035 1.4122659  1.2832905  0.63585734 0.216147
  0.0806196  0.3594705  0.70554525 0.41200218 2.1578305  0.46184498
  0.         0.         1.1654351  0.4454779  1.3364439  0.
  2.1037407  1.720283   0.7525922  1.4665105  1.5379869  0.
  0.         0.         0.6550817  0.3602216  1.0710881  0.9030734
  1.405765   0.61986536 2.3118525  0.06086814 0.2815283  0.7506167
  0.13744646 1.001468   0.47976667 1.2180388  0.93088055 1.2140647
  1.2817092  0.45242116 0.35209867 2.3428319  0.59113085 0.50573826
  0.         0.29936484 0.         0.848481   1.02238    0.04367594
  1.4064604  0.         0.700322   2.6997583  2.2575371  0.
  0.671947   0.7623209  0.5580846  3.3230283  0.         0.35795873
  0.         0.18678872 2.2547164  0.27025056 0.50988245 1.3667899
  0.         0.515798   1.3504912  1.5410416  0.         1.1780802
  0.49277884 0.         1.9788541  1.0829313  2.248762   0.
  1.4948957  2.1424494  1.381674   0.7988459  0.4638996  0.
  1.420005   1.2780942  2.3905241  0.9761868  0.8450906  0.54036224
  1.9953767  3.5310812  1.2640823  0.7445996  2.2714074  0.9501704
  0.689972   1.8502984  0.96745807 1.8528392  0.21913053 0.
  2.433579   1.3149014  0.5781128  0.63188416 1.3795316  1.0888759
  1.0136905  1.4183102  1.7978816  1.2939358  1.6180573  0.30888197
  2.5328686  1.6178932  1.2919664  0.93963265 0.         0.27126473
  0.19445534 0.5678806  0.38937327 2.5605762  0.         0.
  0.5945475  1.1802086  0.         0.         0.4130044  0.9478314 ]]