[[0.         1.7403888  0.393568   0.         0.87684214 0.33155966
  1.4069568  0.         1.8879595  1.2898136  0.         0.
  1.212809   3.0259602  1.315403   0.         0.         0.05672121
  1.2526561  1.0978863  0.         1.318302   0.         1.4068413
  0.67370397 0.         2.0235264  0.49014175 0.39323404 1.1675196
  1.2090485  0.         0.         3.0450997  0.1818156  0.9722832
  0.         1.5261707  0.         0.77790475 0.68380266 2.7477136
  0.7960305  1.4312809  0.         0.         1.1939625  0.
  0.         1.5843792  0.         0.05326618 0.08785063 0.
  1.7390825  0.         1.1620528  0.28853172 0.24349295 0.9625153
  1.6124061  0.         0.50537825 0.10127022 0.         1.0680912
  0.         0.         1.3801078  1.1968129  0.31335714 1.5379301
  0.         1.1389838  0.18024184 0.5435624  0.         0.23649347
  0.7279686  0.9911254  0.9927282  0.         1.300255   1.269079
  0.7602261  0.         0.         1.5345211  0.         1.203487
  0.         0.24564977 1.208838   0.         2.2573133  0.
  1.0078663  0.         0.32676655 0.         0.         0.5723048
  1.1756437  0.         0.         0.         0.507822   0.5561703
  0.5551546  0.         0.         0.9749163  0.6663235  0.
  0.         0.         0.         0.         0.5648518  0.
  0.         0.38135213 0.474283   0.         0.38256347 0.11988393
  0.         0.70446956 0.         1.2565109  0.         0.
  0.5338638  0.         0.6927766  0.30312264 0.40829185 0.00525875
  0.         0.9985455  1.3618892  1.1605098  0.42927298 0.
  0.64186025 0.         0.98635757 0.         0.94125533 1.30352
  1.0921795  0.8357249  0.         0.82749516 0.         0.7625823 ]]