[[0.         3.0999103  0.         0.         0.         0.
  0.         1.2443345  4.1830306  0.         1.5823041  0.
  0.67801493 1.0847908  2.4444191  0.         0.23696464 0.
  0.         1.1748266  1.9876213  0.512586   0.         0.
  0.         0.         0.69030523 0.         0.         0.
  4.261182   1.5655884  0.92427105 0.         1.1757199  0.
  0.         0.         1.0082022  0.         0.         0.26926237
  0.15641093 1.4561006  2.8710058  0.42579085 3.0282586  3.944389
  0.         0.37305298 0.         0.         0.7191269  0.
  1.7554579  0.11873585 0.         0.         4.868697   0.
  0.         0.4664751  3.515418   0.9422149  0.         0.950889
  0.         0.40452045 0.         0.         1.0757512  3.7197318
  0.         1.3713983  0.         0.         0.         0.30682474
  0.         3.5203466  0.         0.07885629 0.         0.
  0.         0.2456351  4.4928713  0.10849868 0.         1.7836561
  1.6167059  2.1203873  3.3146753  0.41652983 3.3813374  0.3558836
  0.         0.         2.3375666  1.7907016  0.3939491  0.
  0.         0.         0.82519287 2.2215633  1.6985394  0.
  0.         1.4631126  2.4770124  1.6839027  0.         0.
  1.8949714  3.8083048  2.6860194  0.         0.6671629  0.
  0.         0.2947763  0.3575948  1.7231033  3.0081391  1.4799755
  2.0939922  2.3886352  0.         0.00666444 0.         3.8099165
  0.         1.9607762  0.         0.         0.         1.2445526
  0.         1.8028132  0.         1.1619487  0.8203181  0.6719842
  0.         0.         0.6485697  0.         0.02138045 0.
  2.3353918  1.5747076  0.         0.         0.         2.9584608 ]]