[[0.         3.115939   0.         0.         0.         0.
  0.         1.2453821  4.20057    0.         1.5901546  0.
  0.67180103 1.0926912  2.4517288  0.         0.23535496 0.
  0.         1.1652942  1.9903648  0.50642544 0.         0.
  0.         0.         0.67958826 0.         0.         0.
  4.268173   1.5611205  0.9264786  0.         1.1585408  0.
  0.         0.         1.0049549  0.         0.         0.2706362
  0.16062593 1.4767233  2.8711636  0.42992955 3.0379493  3.9444482
  0.         0.37215564 0.         0.         0.7277901  0.
  1.7509472  0.11811191 0.         0.         4.876284   0.
  0.         0.47698864 3.5109048  0.94330454 0.         0.9548728
  0.         0.40139902 0.         0.         1.0712253  3.7293446
  0.         1.3644291  0.         0.         0.         0.30484536
  0.         3.5347068  0.         0.09672278 0.         0.
  0.         0.24817915 4.5098143  0.11060463 0.         1.7844307
  1.6233739  2.1366827  3.3164637  0.41928077 3.3922486  0.35513157
  0.         0.         2.3372955  1.7916518  0.39118057 0.
  0.         0.         0.82434875 2.2145355  1.6950991  0.
  0.         1.4662904  2.4853573  1.6691213  0.         0.
  1.8932581  3.8031325  2.699679   0.         0.6646731  0.
  0.         0.28164008 0.34869903 1.7432007  3.0193384  1.4721637
  2.100344   2.3807526  0.         0.         0.         3.8237867
  0.         1.9621068  0.         0.         0.         1.2548733
  0.         1.7999166  0.         1.1783019  0.812832   0.6880356
  0.         0.         0.6471529  0.         0.01586595 0.
  2.3500078  1.5643483  0.         0.         0.         2.9706845 ]]