[[0.0000000e+00 5.2271748e-01 1.1502961e+00 1.3840058e+00 1.8822713e-01
  1.2358917e+00 2.3840299e+00 1.6604916e+00 1.1152467e+00 0.0000000e+00
  9.5594138e-01 1.4851149e+00 0.0000000e+00 9.2969812e-02 1.4659234e+00
  1.6269479e+00 1.5182117e+00 8.0290937e-01 1.2469810e+00 1.5919285e+00
  1.8721074e+00 1.0385077e+00 1.7318391e+00 0.0000000e+00 7.1767133e-01
  2.3289247e+00 1.2991681e+00 4.8060814e-01 1.1650840e+00 0.0000000e+00
  0.0000000e+00 1.3667793e+00 2.6710780e+00 4.9851471e-01 0.0000000e+00
  1.0231440e+00 0.0000000e+00 2.0140204e-01 1.8982248e+00 9.5408452e-01
  9.3174452e-01 0.0000000e+00 0.0000000e+00 0.0000000e+00 1.4575362e+00
  0.0000000e+00 1.4101020e+00 6.6221780e-01 6.0182238e-01 9.2511922e-01
  7.3712313e-01 8.2610446e-01 4.7500122e-01 3.6974618e+00 7.4903238e-01
  3.6697128e+00 1.7646779e+00 9.9931377e-01 7.3091507e-01 0.0000000e+00
  1.9414804e+00 2.1140666e+00 8.6299008e-01 2.5524773e-02 7.9010689e-01
  1.2983040e+00 8.3272988e-01 1.3256567e+00 4.3192226e-01 1.3872494e+00
  1.6720381e+00 0.0000000e+00 1.4190000e+00 0.0000000e+00 8.9843565e-01
  9.2326784e-01 5.6395817e-01 5.5196875e-01 9.1263068e-01 9.2970419e-01
  2.3105633e-01 5.4111612e-01 5.5736821e-02 0.0000000e+00 0.0000000e+00
  1.5537161e+00 1.3506525e+00 1.6088834e+00 1.6325670e+00 4.9284828e-01
  9.7796905e-01 0.0000000e+00 1.0810794e-01 7.9153490e-01 0.0000000e+00
  9.6521986e-01 9.1052902e-01 1.1533849e+00 1.2308122e+00 1.1413308e+00
  0.0000000e+00 0.0000000e+00 8.5017598e-01 1.5888802e+00 5.0591487e-01
  1.5295837e+00 1.2715210e+00 2.1724616e-01 8.6087763e-01 8.7912995e-01
  7.4535286e-01 1.6217220e+00 5.6227040e-01 1.3495903e+00 1.7502394e+00
  7.5660354e-01 3.1081209e-01 7.2925460e-01 5.7152200e-01 3.3397567e-01
  2.9959915e+00 0.0000000e+00 1.0571189e+00 1.4445826e+00 1.5702559e+00
  4.3630862e-01 1.4380810e+00 7.3703420e-01 1.1897162e+00 1.4019556e+00
  1.8961906e+00 8.2183051e-01 6.5220994e-01 7.9581457e-01 4.4903976e-01
  7.3114735e-01 5.1213449e-01 0.0000000e+00 2.2038541e+00 2.5360063e-01
  5.6118429e-01 1.0077002e+00 5.5059779e-01 3.1122966e+00 1.3071404e+00
  1.0986835e+00 1.5301037e+00 1.7258137e-01 0.0000000e+00 0.0000000e+00
  2.9428676e-04 4.9784273e-01 3.5799399e-02 0.0000000e+00 3.9316719e+00
  6.5165699e-01]]