[[0.         3.0983822  0.         0.         0.         0.
  0.         1.223753   4.157613   0.         1.5680239  0.
  0.65634173 1.0933092  2.4335284  0.         0.23281533 0.
  0.         1.1593547  1.9636887  0.50639814 0.         0.
  0.         0.         0.6685628  0.         0.         0.
  4.216626   1.5571419  0.9355664  0.         1.1682956  0.
  0.         0.         0.970425   0.         0.         0.27891254
  0.18391138 1.4316404  2.8525503  0.42328048 2.9815316  3.9085183
  0.         0.35131416 0.         0.         0.70329773 0.
  1.7557273  0.18281835 0.         0.         4.8414392  0.
  0.         0.45734224 3.5029507  0.9535231  0.         0.9574557
  0.         0.40264747 0.         0.         1.0693918  3.7223353
  0.         1.3858024  0.         0.         0.         0.29927918
  0.         3.5209293  0.         0.0932911  0.         0.
  0.         0.24385865 4.4698405  0.12049924 0.         1.7983775
  1.589652   2.0641696  3.3157237  0.41558945 3.3546512  0.3411283
  0.         0.         2.3132198  1.7601818  0.37696534 0.
  0.         0.         0.8015571  2.2142956  1.6781131  0.
  0.         1.4765128  2.4354646  1.672159   0.         0.
  1.9306661  3.7700167  2.6947293  0.         0.6802027  0.
  0.         0.29358205 0.40720934 1.7031857  2.9854326  1.5013256
  2.0748057  2.4010062  0.         0.03387968 0.         3.7417607
  0.         1.9475368  0.         0.         0.         1.2431047
  0.         1.7806793  0.         1.1225573  0.80815625 0.690626
  0.         0.         0.65441406 0.         0.06075909 0.
  2.2909179  1.5613965  0.         0.         0.         2.9348664 ]]