[[0.         1.1656111  1.4184456  1.0385764  0.         0.
  1.538143   0.45297864 0.51894325 0.3725483  1.6570305  0.9049729
  0.         0.         0.6640941  1.2599127  1.0416791  0.9593594
  0.7667439  0.7178089  0.49103868 1.5486016  0.9519866  0.
  0.31947082 1.8275388  1.4423709  0.20756689 0.14032117 0.783494
  0.         0.37142688 1.4839984  1.5964173  0.         1.071059
  0.         0.47412348 1.5301943  1.3582076  0.53901964 0.
  0.         0.         0.9601985  0.         0.79332846 0.7273604
  1.4105151  1.275374   0.7041322  0.24616854 0.3066219  2.1119533
  0.38029778 2.3507843  1.1343015  0.29880518 0.6042669  0.9179699
  0.15742311 2.0895798  0.11708537 0.11547542 0.64473134 1.5640861
  1.234966   0.680654   1.3282791  1.9441803  1.2794831  0.7636924
  0.         0.         1.1283224  0.2881879  0.8395405  0.5313618
  0.8672757  0.721858   0.5472007  0.72185    0.17056021 0.
  0.         0.3056421  0.9990668  0.9463935  1.9661613  1.0105304
  1.9322518  0.         0.         0.26274732 0.         1.5922995
  0.2549218  0.         2.3439398  2.0019968  0.20093486 0.
  0.4850783  1.5071956  0.7725073  0.43746984 0.5693881  0.
  2.2439604  1.0189382  1.2037258  1.4765329  0.7320708  1.3084478
  2.3355405  0.5391402  1.5946499  1.7377367  2.343548   0.9743088
  1.8508     0.         0.20701447 1.3812841  2.1080034  0.13510883
  0.05659322 1.1969155  1.0869119  0.44830212 0.39601332 1.512713
  1.2687578  0.         0.79518884 0.13714072 0.59449565 0.
  1.0899065  0.28550652 1.8313235  0.9636622  0.80579865 1.1713673
  0.45875064 0.03919691 1.5552807  0.         0.21720201 0.17002194
  0.         0.         0.         0.         0.837363   0.69697165]]