[[0.         3.1232522  0.         0.         0.         0.
  0.         1.233397   4.1884336  0.         1.5775185  0.
  0.6451073  1.0996293  2.4618838  0.         0.24874729 0.
  0.         1.1472659  1.9650996  0.49819383 0.         0.
  0.         0.         0.6663119  0.         0.         0.
  4.242266   1.5713965  0.9073554  0.         1.2036461  0.
  0.         0.         1.0094986  0.         0.         0.2917149
  0.18649685 1.4417454  2.863079   0.43591708 3.0223246  3.940417
  0.         0.36510321 0.         0.         0.74710554 0.
  1.7650678  0.17411065 0.         0.         4.8768964  0.
  0.         0.49505648 3.5163474  0.9531969  0.         0.9563395
  0.         0.41107643 0.         0.         1.0527699  3.7505732
  0.         1.3810874  0.         0.         0.         0.3028313
  0.         3.5374897  0.         0.11106104 0.         0.
  0.         0.25833532 4.51343    0.13346545 0.         1.7847979
  1.6143377  2.1113944  3.336807   0.40650064 3.379094   0.36162817
  0.         0.         2.3353326  1.7628007  0.39068013 0.
  0.         0.         0.8193067  2.219759   1.699393   0.
  0.         1.4634192  2.4594264  1.6629139  0.         0.
  1.9185236  3.7909994  2.7102494  0.         0.6796805  0.
  0.         0.30766663 0.37301666 1.7332455  2.9944339  1.4967959
  2.0781794  2.3811939  0.         0.02931492 0.         3.7801023
  0.         1.9586753  0.         0.         0.         1.2595255
  0.         1.7685572  0.         1.1492056  0.796266   0.6956527
  0.         0.         0.6443342  0.         0.04173544 0.
  2.3235078  1.5777155  0.         0.         0.         2.9473948 ]]