[[0.         3.1283863  0.         0.         0.         0.
  0.         1.2337382  4.1898026  0.         1.5750186  0.
  0.64516324 1.1017746  2.460761   0.         0.24720186 0.
  0.         1.1518543  1.9635936  0.4974455  0.         0.
  0.         0.         0.66876036 0.         0.         0.
  4.247767   1.5701916  0.9097435  0.         1.1976365  0.
  0.         0.         1.008806   0.         0.         0.28690362
  0.18025213 1.4457699  2.8677459  0.4371344  3.0257812  3.9446042
  0.         0.36549184 0.         0.         0.74541134 0.
  1.7649614  0.16809484 0.         0.         4.882496   0.
  0.         0.49442646 3.5154977  0.9539579  0.         0.955979
  0.         0.40976867 0.         0.         1.0572394  3.7488828
  0.         1.3816181  0.         0.         0.         0.30597848
  0.         3.5406585  0.         0.11135936 0.         0.
  0.         0.2583923  4.5179973  0.13336049 0.         1.7849625
  1.6166018  2.112496   3.3358104  0.412982   3.3819432  0.3606553
  0.         0.         2.33909    1.7626832  0.3915432  0.
  0.         0.         0.8200862  2.2216194  1.6983289  0.
  0.         1.4645095  2.4649658  1.6619992  0.         0.
  1.9170446  3.7938995  2.7115283  0.         0.680222   0.
  0.         0.30561218 0.36698908 1.7297246  2.9915795  1.499114
  2.0778983  2.3849058  0.         0.02577345 0.         3.7864928
  0.         1.9604033  0.         0.         0.         1.2598023
  0.         1.7723249  0.         1.1503077  0.79988265 0.7023114
  0.         0.         0.641628   0.         0.04519203 0.
  2.323922   1.5795318  0.         0.         0.         2.9542372 ]]