[[0.20006257 0.62665    2.5580566  0.98187107 2.4799638  0.
  1.2278597  1.1252912  1.8090061  1.6718832  0.14744413 1.1897379
  0.55475485 1.8237367  0.91250134 1.8287566  1.616862   0.38366097
  0.         0.         0.9941974  2.4247477  1.0711464  4.057791
  4.0249305  2.0052874  2.160195   0.34629986 1.9289482  0.53278273
  3.47145    0.19268164 1.279949   0.80800474 0.59286094 3.2717116
  0.98121995 0.6855266  0.         0.08477455 0.         0.46700582
  1.6057329  0.         0.6334691  1.6830957  1.1072656  0.61228883
  0.62121934 0.93943334 0.8290508  1.4298476  0.         0.
  1.4380465  2.1564486  1.327716   3.8875878  0.         0.3125482
  1.2678777  0.5473627  0.         0.9607841  0.         2.6211677
  0.39860448 0.4963569  2.1849875  1.2491032  0.95943207 1.8665198
  1.3230379  1.2499183  0.54353565 0.         0.08501631 0.39825413
  0.35980514 0.6657324  0.         0.32060203 1.4901474  1.2332894
  0.49780366 1.1927801  0.         0.15481186 0.5757363  1.536323
  1.4490863  0.63918287 0.         0.5605691  0.         1.2628382
  1.8409821  1.7543075  0.         3.6860814  0.08388045 0.
  2.4628003  2.6583385  1.4321828  2.1024954  0.24284407 1.5061435
  1.0789776  1.730444   0.36758977 0.61980224 3.179345   0.2577801
  0.7632037  0.7951266  0.29490742 1.535683  ]]