[[1.8378019  0.93035877 2.6226475  2.101548   0.44526416 0.
  1.4196175  0.8759655  1.0854453  0.6304202  0.         0.51701415
  0.         3.0896149  1.138633   0.30202943 0.8885802  1.7316607
  0.7371395  0.         1.4139192  0.92978084 0.7402934  1.3610182
  2.0329542  0.5567492  1.1880956  1.400286   0.40459767 0.37195128
  1.2066687  0.         2.16584    1.2057443  1.4584961  1.3901666
  0.9112071  1.1130631  0.         2.0333104  0.         1.7231055
  0.06927663 2.2274575  0.6667404  1.2353221  2.370855   0.5710753
  0.7366372  0.56727475 2.36289    1.6558661  0.59267884 0.28135407
  0.7183661  0.13021657 1.2093884  2.2452     0.70492536 0.4459218
  1.213562   1.7066532  0.         3.2686954  3.1645744  1.0570315
  2.6411843  1.1054813  0.6697758  0.28091854 0.73495597 2.2129385
  0.6999653  0.         1.3831698  0.         0.92280775 1.2826598
  0.32778308 0.         1.3196507  0.15018104 0.6774396  2.375463
  1.4705113  0.         1.3905588  1.866184   3.1497252  1.6119819
  0.7328646  0.21537364 0.         1.5812922  1.0929813  1.3567374
  1.8038584  1.2626102  0.9414439  1.4717451  1.3136994  0.
  1.1636722  1.6300406  1.452465   0.7353922  2.1761055  0.80247176
  1.3684319  0.79000527 2.348262   0.84305346 1.9135752  0.7764819
  0.67945397 1.4271196  2.2978387  1.8971075 ]]