[[1.3449159e+00 1.1185973e+00 1.9271257e+00 1.2469425e+00 0.0000000e+00
  3.6418858e-01 1.5222627e+00 1.4708325e-01 1.0846570e-02 0.0000000e+00
  0.0000000e+00 6.5162385e-01 0.0000000e+00 1.2943778e+00 3.5067323e-01
  4.0336666e-01 1.4189475e+00 1.9570614e+00 1.1026257e+00 0.0000000e+00
  4.9115878e-02 2.6102588e-01 3.7213178e+00 6.0152638e-01 8.0111466e-02
  0.0000000e+00 1.2693442e+00 2.0147268e-01 1.3874520e+00 4.2803240e-01
  3.4907144e-01 3.0114934e-01 1.8716841e+00 1.3065504e+00 4.9423593e-01
  4.5709300e-01 9.9450934e-01 5.1168269e-01 7.8979248e-01 1.5992544e+00
  1.7130819e-01 1.2523085e+00 0.0000000e+00 2.0153708e+00 2.6005414e+00
  1.3937291e+00 1.9360278e+00 1.5135663e+00 5.2879792e-01 8.1950790e-01
  2.6545680e-01 1.0296746e+00 1.8630599e+00 1.3406638e+00 0.0000000e+00
  0.0000000e+00 0.0000000e+00 9.0311694e-01 8.0089247e-01 1.0473729e+00
  4.2377040e-04 1.5210844e+00 0.0000000e+00 2.3680608e+00 7.0554084e-01
  8.4535384e-01 1.7676408e+00 7.7479295e-02 4.2408076e-01 1.7135835e+00
  9.1192448e-01 2.2727952e+00 1.8918528e-01 1.5857095e-01 1.7343671e+00
  2.7667923e+00 1.9553701e+00 8.6398587e-02 0.0000000e+00 7.5390095e-01
  3.9090989e+00 1.6072409e-01 5.0675786e-01 1.2881510e+00 1.9566476e+00
  8.4145975e-01 1.2721620e+00 2.8502922e+00 2.5998118e+00 2.3214176e+00
  7.0595562e-01 0.0000000e+00 1.3004109e+00 3.0215478e+00 3.6600208e-01
  2.0545516e+00 2.0690150e+00 1.2722551e+00 8.5094404e-01 1.8279300e+00
  3.0188904e+00 0.0000000e+00 1.5294423e+00 2.0576284e+00 4.1847590e-01
  9.8653841e-01 2.5294752e+00 1.6687170e+00 4.2198962e-01 8.2606030e-01
  2.2572863e+00 2.4421864e+00 6.5105480e-01 2.0072792e+00 6.3857663e-01
  2.5793925e-02 0.0000000e+00 2.0574589e+00]]