[[1.5373958  0.32468924 1.9701625  0.75283885 0.07517913 0.40811816
  1.1555775  0.5966224  0.5639211  0.18118066 0.         0.5697306
  0.         1.6252246  0.12495839 0.00378228 1.3742719  1.5681429
  1.1846354  0.         0.66490847 0.76696754 3.0535638  0.52444685
  0.7041144  0.4582048  0.9079414  0.96900994 1.0106834  0.44952214
  0.85025775 0.         2.4168406  1.7874142  0.69110656 0.69270086
  0.6006936  0.87296647 0.         1.4152137  0.         0.676561
  0.         1.4518193  1.0075481  0.28364936 1.6565299  0.46941036
  0.23987631 0.9680135  0.69538605 0.6436312  0.9307236  0.5731873
  0.         0.         0.23449463 1.1174477  0.15184617 0.6549548
  0.24919812 0.9309031  0.         1.8014305  0.89391977 1.4575107
  1.9804931  0.00376653 0.         1.0546539  0.7814984  2.241107
  0.88733447 0.51210284 1.7262856  1.0000374  0.99832165 0.3538801
  0.         0.42469543 2.9555187  0.         1.3863455  1.2555296
  1.393767   1.4796957  1.3938631  1.9694078  1.9377421  2.4448156
  0.         0.         1.000673   1.4783733  0.56536424 0.8864235
  2.2196865  1.1554072  0.8842489  2.098993   2.057188   0.
  1.7879064  1.9822447  1.1245613  1.2248061  1.6319826  0.9002873
  0.5644206  0.300365   1.9484708  2.0674798  1.0879734  0.85854834
  0.71916044 0.08984899 0.58337057 1.5053499 ]]