[[1.6258465  0.45308453 2.4495819  1.4255477  0.         0.
  1.2383077  1.16777    0.08817816 0.6726778  0.         0.6396952
  0.         1.3188021  0.6932864  0.         0.9410342  0.99090856
  0.18969348 0.         1.4304726  0.92900497 3.6697698  1.2885191
  1.6745546  0.         1.211246   1.3662283  1.8952919  0.36660296
  1.1691808  0.01555857 3.5012362  1.6356004  0.35103393 1.3255631
  1.0434847  0.49848276 0.39806142 1.0804324  0.         1.2882936
  0.         1.1501751  0.728147   0.63081163 2.3834975  0.52931845
  0.7426707  0.6643549  1.387077   1.1433445  0.87014085 1.387225
  0.         0.         0.9031333  1.3158196  0.         0.3245461
  0.47316837 1.2990683  0.         2.918767   1.0976342  1.4256855
  2.7925076  0.         0.42440307 0.7940868  0.48937324 3.4332163
  0.2906379  0.30796233 1.2363598  0.82186633 2.074224   0.40538687
  0.05029886 0.534897   2.9866571  0.189184   1.262195   1.8142699
  1.8379763  0.73569334 0.16426805 2.23095    3.0406961  2.8896346
  0.17823279 0.         0.36524034 3.3638856  0.56543964 2.2399728
  1.8700624  1.4124887  1.1247343  3.1902096  2.3264532  0.
  2.7393885  2.4723053  1.2624596  1.4490339  1.6188226  1.9770776
  0.8657204  1.1890516  2.052978   2.050688   0.66007644 1.6661566
  0.9272883  0.48561737 1.9860759  2.7244806 ]]