[[6.17730439e-01 1.01422322e+00 1.30241466e+00 1.24610758e+00
  0.00000000e+00 2.97268659e-01 9.91536021e-01 4.59326327e-01
  8.65340233e-04 9.26944241e-03 0.00000000e+00 5.62640071e-01
  2.46898770e-01 8.46161306e-01 5.29150441e-02 6.29635006e-02
  7.09633529e-01 1.42297614e+00 9.08777714e-01 0.00000000e+00
  1.72901654e+00 0.00000000e+00 3.14803219e+00 1.28597534e+00
  1.14038801e+00 0.00000000e+00 1.71888626e+00 1.86490417e+00
  2.11810851e+00 2.75296926e-01 2.51109421e-01 0.00000000e+00
  1.97736323e+00 1.73537457e+00 1.06650281e+00 1.01461411e+00
  1.36954618e+00 1.32775605e-01 1.11621225e+00 1.25901556e+00
  0.00000000e+00 1.46534705e+00 0.00000000e+00 2.71134377e+00
  1.01530600e+00 1.06128037e+00 2.69652486e+00 4.40987498e-01
  2.47484311e-01 7.14764416e-01 3.29093188e-01 5.90272427e-01
  1.26047635e+00 1.16653860e+00 0.00000000e+00 0.00000000e+00
  6.40217215e-04 1.14341354e+00 1.62437558e-01 1.44596183e+00
  1.22060776e-01 6.98908985e-01 0.00000000e+00 3.07836413e+00
  8.10335934e-01 1.10336971e+00 2.32303905e+00 2.93691993e-01
  4.37185429e-02 1.25987601e+00 1.10120988e+00 3.43629932e+00
  4.52327132e-01 6.12704158e-01 1.28719687e+00 1.89875877e+00
  2.06586504e+00 4.72336292e-01 0.00000000e+00 6.75191343e-01
  3.02037477e+00 0.00000000e+00 3.17117989e-01 2.01665688e+00
  1.25962222e+00 4.58773077e-01 2.10105491e+00 2.61732578e+00
  2.43645597e+00 1.86429083e+00 1.27117306e-01 0.00000000e+00
  7.19603300e-01 2.99127674e+00 8.40982497e-01 8.57806027e-01
  1.36638391e+00 2.82166076e+00 7.65120387e-01 2.39063764e+00
  2.02755475e+00 0.00000000e+00 1.88510323e+00 6.77977800e-01
  3.60514253e-01 9.51764703e-01 9.25601006e-01 1.64834070e+00
  4.99398038e-02 4.86935019e-01 2.20070124e+00 1.38350415e+00
  9.16570246e-01 1.86820865e+00 4.13887292e-01 2.69706309e-01
  1.48490453e+00 2.86990786e+00]]