[[2.29587722e+00 1.19153929e+00 1.56346774e+00 1.18847859e+00
  2.05868855e-03 4.36223894e-01 7.90896416e-01 9.18911397e-01
  0.00000000e+00 1.43243998e-01 0.00000000e+00 4.49820280e-01
  0.00000000e+00 2.36863852e+00 0.00000000e+00 0.00000000e+00
  1.07432890e+00 7.29858428e-02 1.67528391e+00 0.00000000e+00
  5.06464422e-01 3.56289953e-01 2.23628879e+00 1.18363701e-01
  6.32719517e-01 9.99503583e-02 1.20987070e+00 1.82601798e+00
  2.02736998e+00 5.67056894e-01 5.33360481e-01 0.00000000e+00
  2.00055027e+00 1.13732898e+00 9.20918584e-01 4.83939648e-01
  0.00000000e+00 7.15091825e-01 7.60735497e-02 1.16698921e+00
  0.00000000e+00 7.50972629e-01 0.00000000e+00 2.83289099e+00
  1.25136542e+00 8.20257843e-01 1.89285541e+00 1.13338506e+00
  7.54004538e-01 9.98470306e-01 8.41702163e-01 1.00643027e+00
  1.37022352e+00 1.00221097e+00 0.00000000e+00 0.00000000e+00
  6.53366804e-01 2.68323511e-01 1.78340636e-02 1.05641305e+00
  8.04611892e-02 2.01051688e+00 0.00000000e+00 2.53939676e+00
  1.47247076e+00 1.08674383e+00 3.04785609e+00 1.59086078e-01
  0.00000000e+00 9.57820833e-01 1.09860659e+00 1.30979502e+00
  7.34670758e-01 2.84519821e-01 1.54504788e+00 2.17329240e+00
  1.20711493e+00 2.27209240e-01 0.00000000e+00 9.06183720e-01
  2.99206972e+00 6.05895631e-02 5.08839071e-01 1.64536166e+00
  3.74212056e-01 9.30232108e-01 1.90335894e+00 2.71143293e+00
  2.73920965e+00 2.22846365e+00 3.28332007e-01 0.00000000e+00
  6.60987377e-01 2.07426620e+00 1.43142462e+00 1.51039982e+00
  1.89521492e+00 7.79008865e-01 5.71989715e-01 9.61041212e-01
  1.05749285e+00 0.00000000e+00 2.16579032e+00 1.24724436e+00
  1.30567348e+00 8.73099804e-01 2.29019403e+00 1.52835858e+00
  6.47108778e-02 0.00000000e+00 2.02814794e+00 9.63616490e-01
  1.10522676e+00 1.40903854e+00 2.92457730e-01 1.02393314e-01
  1.68101525e+00 1.47404587e+00]]