[[0.7118317  1.4217929  1.5044734  0.9072577  2.6606889  0.
  0.9925134  1.2719362  1.1135291  0.5832572  2.5399635  1.4835566
  0.6990249  1.4788078  1.8551826  3.8572955  1.8321073  0.
  0.         0.         1.9489911  0.9301451  0.         0.7875504
  1.9082751  1.8393782  0.24170019 0.         1.8899617  1.7786348
  1.8375593  0.06225451 1.3036864  0.98497343 1.2779133  1.6369927
  0.6199527  1.365828   0.         0.         0.8021366  0.32184377
  1.0343004  0.         0.2843576  0.7462652  0.18689644 0.
  0.36306715 0.7788483  1.136475   1.5922599  0.         0.
  2.162297   5.2478976  2.227753   0.90877247 0.         0.77675974
  0.         0.41957083 1.2892967  0.83809173 0.         1.7919328
  0.         1.4468472  1.2894106  0.9991622  0.43817124 0.
  0.9750727  1.2968414  0.         0.         0.         1.6200637
  1.1508456  1.4317333  0.         0.73754704 1.5337299  0.04758518
  0.166403   0.60505015 0.         0.         0.86932033 0.42567974
  1.0236621  1.0262153  0.         0.         0.         0.
  1.8001808  0.         0.         1.5863732  0.         0.
  0.         0.         1.2283612  0.61113536 0.         0.
  1.269943   1.4015708  0.14946716 0.         0.9717776  0.6290459
  1.1428506  1.8038832  0.         0.        ]]