[[1.3003899  1.0240144  0.         0.         0.         1.0240808
  0.53997326 0.         1.9890999  0.65944093 0.         0.07685639
  0.43139854 0.53874534 0.8683944  0.13886286 0.28016543 0.65183145
  2.926767   1.6262618  1.0260462  0.22658314 2.8042936  0.
  0.767354   0.30536577 1.2360953  0.6399264  0.48790893 0.
  0.         0.47894785 0.28452358 1.8984185  0.33536392 1.239766
  0.         0.8061065  0.8186653  1.0414339  0.8842301  1.1703011
  0.         2.0408487  0.22145605 0.39296195 0.15112248 0.5270194
  0.25943494 0.4865414  0.8602045  1.0101252  0.28343683 0.98183197
  0.         0.         0.15173253 1.6129706  1.393375   1.2801918
  0.42640802 0.7500851  0.         0.7387186  1.4674457  1.1270924
  1.5913876  0.         0.30485654 1.5175668  1.1162069  0.88419306
  0.87851524 0.94919854 1.3690759  1.9700344  1.8979306  0.
  0.15077601 0.         0.1508373  0.5979388  1.0172247  1.2768534
  0.46792147 0.4488489  1.0302948  0.32353425 1.5198541  0.29098243
  0.99251634 0.3578289  3.2517593  0.9890464  1.2308812  1.0212842
  0.58316994 1.7274668  0.49644113 0.         0.7885488  0.
  1.8385878  1.3638595  1.9081657  0.5970638  1.4076828  0.84663874
  0.24713376 0.         1.2293112  0.6600142  1.5704985  1.4333808
  0.15906268 0.69923836 1.1414843  0.        ]]