[[0.0335772  1.3634543  0.99723923 0.69376063 1.2995577  0.
  0.73386717 0.92122746 1.0878803  0.667074   2.3407576  1.2259089
  0.51811826 0.73103595 0.46796453 1.4428452  1.5298934  0.
  0.21924159 0.         0.10647164 1.1934742  0.         0.8140408
  0.41160786 1.4552871  0.         0.         2.3702474  0.6723054
  1.5418168  0.26730302 1.1134225  1.3350476  2.5670168  2.1466894
  1.3137169  1.1978354  0.         0.         0.8967715  0.
  0.43499961 0.         0.         0.74805456 0.23993614 0.
  0.2697675  1.1132276  1.8485627  1.3925761  0.         0.
  1.8829179  2.756089   2.0308735  0.77274597 0.03243272 0.3744222
  1.544179   0.31632432 1.9030048  1.1538625  0.         1.3003899
  0.         1.4080995  1.2429335  0.6930346  0.37459537 0.
  0.30677587 0.9005159  0.         0.         0.         1.7979912
  0.7734792  0.3762437  0.         1.1414644  0.68563265 0.05802857
  0.32247126 0.33770946 0.         0.         0.3276016  0.04286025
  1.8176523  1.6670517  0.         0.         0.         0.
  1.6887864  0.         0.         0.         0.         0.
  0.         0.         1.0225781  2.012476   0.         0.
  0.90664655 1.2054888  0.13498984 0.         1.4263527  0.29305446
  1.0753363  0.94425094 0.         0.        ]]