[[1.2709848  0.8920743  1.9254739  2.2833312  1.9652665  0.
  0.         1.3263174  1.000258   0.4764357  0.7855961  1.9046499
  1.7730849  1.3262659  2.8407815  1.7902445  1.0944707  0.40762216
  0.         0.         1.6970258  1.9277606  0.         4.1421523
  0.77047634 1.7187275  0.35845858 0.         1.6717063  1.8115703
  1.9583308  0.27362815 0.9706519  2.7361927  3.2566211  1.5402625
  0.6775881  0.9149133  0.         0.         0.9963205  0.
  1.0464628  0.05267895 0.5682595  0.7398631  0.         0.70483124
  1.3545605  1.2788103  0.25692686 1.7217957  0.         0.
  1.6143874  3.5616944  1.2545216  1.0226566  0.         0.8358395
  1.2266113  1.171628   1.086298   0.64619124 0.         1.1573849
  0.         0.9809327  1.8157523  1.6391633  2.008648   0.
  1.0555812  2.3057332  0.28074536 0.         0.         2.2398958
  0.4422927  1.8303385  0.1145592  1.2433692  2.2892737  0.98397946
  0.3380412  1.1917783  0.04832859 0.         0.83287895 1.2600915
  0.6839559  0.8110386  0.         0.         0.         0.
  1.0628365  0.         0.         0.35847482 0.         0.
  0.         0.5631691  0.94688547 0.8519901  0.         0.
  1.7623295  0.61444974 0.26480103 0.01475786 1.58847    0.8436639
  1.1306927  0.7256646  0.         0.        ]]