[[2.3366096  0.34628326 1.0111251  1.7619054  0.         2.5910118
  0.64123845 0.         0.07788384 0.24043466 0.         0.05633418
  0.3370932  1.3822671  1.8514439  0.1693667  0.         0.46246713
  2.454301   0.37919882 0.16297086 0.34076843 0.95085824 0.
  1.5439279  0.         0.75656515 2.0463135  0.67975986 0.
  0.         0.31391782 0.         0.4866378  0.4426731  0.
  1.3790708  1.3082103  0.01445722 1.1099588  2.0307763  1.6238862
  0.         1.3538007  3.8587897  2.065327   0.5377278  1.6418928
  0.         1.0805671  1.6116307  1.1506363  1.067889   1.3240702
  0.         0.         0.         1.0222086  0.6118425  0.8687788
  0.19993275 1.6014963  0.7586403  0.35439816 1.971508   1.4520917
  3.2150683  0.         0.45455787 0.9557764  1.773852   0.
  0.899984   0.         1.0954006  2.32874    1.3311548  0.
  0.         0.41394472 1.567201   1.1945256  0.621258   2.184937
  1.5293728  0.7508516  1.0212753  2.140306   1.5764093  0.67398274
  0.8435533  0.00973612 2.387655   1.4697548  2.3613675  1.7375263
  0.64040637 1.3257363  0.64094263 0.         2.7971482  1.0973736
  1.8203948  2.3248756  0.65651405 0.17020422 1.8529505  0.49827984
  0.72196174 0.2160629  1.4092674  1.778148   0.9973062  0.74352974
  0.70201695 0.28030685 1.2259979  1.1861209 ]]