[[0.84597296 0.36718357 0.4066509  0.8578454  0.         0.83592874
  0.         0.6789396  0.15697384 1.1339625  0.43289635 0.
  0.44374004 0.16607165 1.4441626  0.0110162  0.         1.9532623
  1.221168   2.2896626  0.6733614  0.         1.2819676  0.
  0.4691192  0.451458   0.09260534 1.2748562  0.45374635 0.
  0.         1.1081691  0.01736273 0.9686079  0.62711823 0.03963985
  0.7482109  2.0037496  0.         0.7418217  2.684849   0.
  0.         0.34703636 1.4363766  1.4907362  0.         0.22011012
  0.         0.5132019  2.4697292  1.2202355  0.5433276  2.2214482
  0.         0.0250406  0.         0.705513   1.1393564  1.509154
  0.         0.43819603 1.520105   0.4103028  0.         2.977157
  0.03192969 0.1488167  0.         1.2657137  0.25396898 0.34902352
  0.9628639  0.         0.47556546 2.5082424  0.         0.04618222
  0.07868093 0.05188828 0.         1.3788224  0.3129622  0.3192882
  1.1249284  1.0812787  1.8401523  2.7665186  0.29330534 0.
  0.9535879  1.4680128  1.6175525  0.25809115 0.9810398  0.71863127
  0.5253207  0.26524645 0.6648339  0.02804467 0.59966755 0.9041261
  0.33136436 0.58692706 2.0624547  1.4691917  2.734102   0.
  0.         0.         0.64280635 2.052163   0.5070919  0.796345
  2.5739875  0.         0.         0.45963323]]